1896684377507638034|730128353|0|0|0|(0)|.000|0|0|0|0|()|empty
1896684377507638034|730128353|1|274761|1|(0)|.000|274761|0|0|0|(0)|empty
1896684377507638034|730128353|2|282352|1|(1)|.000|282351|0|0|0|(1)|empty
1896684377507638034|730128353|3|269601|1|(2)|.000|269600|0|0|0|(2)|empty
1896684377507638034|730128353|4|272434|1|(3)|.000|272433|0|0|0|(3)|empty
1896684377507638034|730128353|5|279011|1|(4)|.000|279011|0|0|0|(4)|empty
1896684377507638034|730128353|6|275571|1|(5)|.000|275571|0|0|0|(5)|empty
1896684377507638034|730128353|7|267070|1|(6)|.000|267070|0|0|0|(6)|empty
1896684377507638034|730128358|0|0|0|(0)|.000|0|0|0|0|()|empty
1896684377507638034|730128358|1|268588|1|(0)|.000|268588|0|0|0|(0)|empty
1896684377507638034|730128358|2|274155|1|(1)|.000|274154|0|0|0|(1)|empty
1896684377507638034|730128358|3|272333|1|(2)|.000|272332|0|0|0|(2)|empty
1896684377507638034|730128358|4|281744|1|(3)|.000|281744|0|0|0|(3)|empty
1896684377507638034|730128358|5|272535|1|(4)|.000|272535|0|0|0|(4)|empty
1896684377507638034|730128358|6|269701|1|(5)|.000|269701|0|0|0|(5)|empty
1896684377507638034|730128358|7|281744|1|(6)|.000|281744|0|0|0|(6)|empty
1896684377507638034|730128363|0|0|0|(0)|.000|0|0|0|0|()|empty
1896684377507638034|730128363|1|266260|1|(0)|.000|266260|0|0|0|(0)|empty
1896684377507638034|730128363|2|280126|1|(1)|.000|280125|0|0|0|(1)|empty
1896684377507638034|730128363|3|271523|1|(2)|.000|271522|0|0|0|(2)|empty
1896684377507638034|730128363|4|282048|1|(3)|.000|282047|0|0|0|(3)|empty
1896684377507638034|730128363|5|269499|1|(4)|.000|269498|0|0|0|(4)|empty
1896684377507638034|730128363|6|276887|1|(5)|.000|276886|0|0|0|(5)|empty
1896684377507638034|730128363|7|274457|1|(6)|.000|274457|0|0|0|(6)|empty
1896684377507638034|730128368|0|0|0|('Good')|.000|0|0|0|0|()|empty
1896684377507638034|730128368|1|483725|1|('Good')|.000|483725|0|0|0|('Good')|empty
1896684377507638034|730128368|2|486726|1|('High Risk')|.000|486725|0|0|0|('High Risk')|empty
1896684377507638034|730128368|3|468724|1|('Low Risk')|.000|468724|0|0|0|('Low Risk')|empty
1896684377507638034|730128368|4|481625|1|('Unknown')|.000|481625|0|0|0|('Unknown')|empty
1896684377507638034|730128373|0|0|0|(500)|.000|0|0|0|0|()|empty
1896684377507638034|730128373|1|90604|1|(500)|.000|90604|0|0|0|(500)|empty
1896684377507638034|730128373|2|97506|1|(1000)|.000|97505|0|0|0|(1000)|empty
1896684377507638034|730128373|3|98306|1|(1500)|.000|98305|0|0|0|(1500)|empty
1896684377507638034|730128373|4|95405|1|(2000)|.000|95404|0|0|0|(2000)|empty
1896684377507638034|730128373|5|96906|1|(2500)|.000|96905|0|0|0|(2500)|empty
1896684377507638034|730128373|6|91205|1|(3000)|.000|91204|0|0|0|(3000)|empty
1896684377507638034|730128373|7|96606|1|(3500)|.000|96605|0|0|0|(3500)|empty
1896684377507638034|730128373|8|96406|1|(4000)|.000|96405|0|0|0|(4000)|empty
1896684377507638034|730128373|9|99505|1|(4500)|.000|99505|0|0|0|(4500)|empty
1896684377507638034|730128373|10|99005|1|(5000)|.000|99005|0|0|0|(5000)|empty
1896684377507638034|730128373|11|97005|1|(5500)|.000|97005|0|0|0|(5500)|empty
1896684377507638034|730128373|12|96405|1|(6000)|.000|96405|0|0|0|(6000)|empty
1896684377507638034|730128373|13|97205|1|(6500)|.000|97205|0|0|0|(6500)|empty
1896684377507638034|730128373|14|93504|1|(7000)|.000|93504|0|0|0|(7000)|empty
1896684377507638034|730128373|15|92404|1|(7500)|.000|92404|0|0|0|(7500)|empty
1896684377507638034|730128373|16|93104|1|(8000)|.000|93104|0|0|0|(8000)|empty
1896684377507638034|730128373|17|97205|1|(8500)|.000|97205|0|0|0|(8500)|empty
1896684377507638034|730128373|18|97105|1|(9000)|.000|97105|0|0|0|(9000)|empty
1896684377507638034|730128373|19|94604|1|(9500)|.000|94604|0|0|0|(9500)|empty
1896684377507638034|730128373|20|100805|1|(10000)|.000|100805|0|0|0|(10000)|empty
1896684377507638034|730128378|0|0|0|('2 yr Degree')|.000|0|0|0|0|()|empty
1896684377507638034|730128378|1|266451|1|('2 yr Degree')|.000|266451|0|0|0|('2 yr Degree')|empty
1896684377507638034|730128378|2|273770|1|('4 yr Degree')|.000|273769|0|0|0|('4 yr Degree')|empty
1896684377507638034|730128378|3|276377|1|('Advanced Degree')|.000|276376|0|0|0|('Advanced Degree')|empty
1896684377507638034|730128378|4|277179|1|('College')|.000|277178|0|0|0|('College')|empty
1896684377507638034|730128378|5|269259|1|('Primary')|.000|269258|0|0|0|('Primary')|empty
1896684377507638034|730128378|6|273068|1|('Secondary')|.000|273068|0|0|0|('Secondary')|empty
1896684377507638034|730128378|7|284696|1|('Unknown')|.000|284696|0|0|0|('Unknown')|empty
1896684377507638034|730128382|0|0|0|('D')|.000|0|0|0|0|()|empty
1896684377507638034|730128382|1|389986|1|('D')|.000|389986|0|0|0|('D')|empty
1896684377507638034|730128382|2|384161|1|('M')|.000|384160|0|0|0|('M')|empty
1896684377507638034|730128382|3|379941|1|('S')|.000|379940|0|0|0|('S')|empty
1896684377507638034|730128382|4|384059|1|('U')|.000|384059|0|0|0|('U')|empty
1896684377507638034|730128382|5|382653|1|('W')|.000|382653|0|0|0|('W')|empty
1896684377507638034|730128389|0|0|0|('F')|.000|0|0|0|0|()|empty
1896684377507638034|730128389|1|960200|1|('F')|.000|960199|0|0|0|('F')|empty
1896684377507638034|730128389|2|960600|1|('M')|.000|960600|0|0|0|('M')|empty
1896684377507638034|730128393|0|0|0|(106)|.000|0|0|0|0|()|empty
1896684377507638034|730128393|1|24259|24259|(22684)|.000|1|1|0|0|(106)|empty
1896684377507638034|730128393|2|100|100|(23589)|.000|1|0|0|0|(23589)|empty
1896684377507638034|730128393|3|29695|29695|(52124)|.000|1|0|0|0|(52124)|empty
1896684377507638034|730128393|4|43385|43385|(96425)|.000|1|1|0|0|(52235)|empty
1896684377507638034|730128393|5|35332|35332|(133372)|.000|1|0|0|0|(133372)|empty
1896684377507638034|730128393|6|12482|12482|(144448)|.000|1|1|0|0|(133375)|empty
1896684377507638034|730128393|7|100|100|(145325)|.000|1|0|0|0|(145325)|empty
1896684377507638034|730128393|8|43284|43284|(191831)|.000|1|1|0|0|(145499)|empty
1896684377507638034|730128393|9|43284|43284|(237756)|.000|1|1|0|0|(191904)|empty
1896684377507638034|730128393|10|4731|4731|(243682)|.000|1|0|0|0|(243682)|empty
1896684377507638034|730128393|11|43184|43184|(286192)|.000|1|1|0|0|(243728)|empty
1896684377507638034|730128393|12|43184|43184|(328738)|.000|1|1|0|0|(286405)|empty
1896684377507638034|730128393|13|43184|43184|(374589)|.000|1|1|0|0|(328866)|empty
1896684377507638034|730128393|14|43184|43184|(413572)|.000|1|1|0|0|(374624)|empty
1896684377507638034|730128393|15|42781|42781|(454896)|.000|1|1|0|0|(413718)|empty
1896684377507638034|730128393|16|100|100|(455713)|.000|1|0|0|0|(455713)|empty
1896684377507638034|730128393|17|43184|43184|(498281)|.000|1|1|0|0|(455724)|empty
1896684377507638034|730128393|18|43184|43184|(541412)|.000|1|1|0|0|(498496)|empty
1896684377507638034|730128393|19|26474|26474|(565655)|.000|1|0|0|0|(565655)|empty
1896684377507638034|730128393|20|43687|43687|(611642)|.000|1|1|0|0|(565715)|empty
1896684377507638034|730128393|21|43687|43687|(656989)|.000|1|1|0|0|(611653)|empty
1896684377507638034|730128393|22|6643|6643|(664419)|.000|1|0|0|0|(664419)|empty
1896684377507638034|730128393|23|43486|43486|(707045)|.000|1|1|0|0|(664805)|empty
1896684377507638034|730128393|24|25065|25065|(728822)|.000|1|1|0|0|(707253)|empty
1896684377507638034|730128393|25|100|100|(729722)|.000|1|0|0|0|(729722)|empty
1896684377507638034|730128393|26|42580|42580|(773407)|.000|1|1|0|0|(729905)|empty
1896684377507638034|730128393|27|42580|42580|(817118)|.000|1|1|0|0|(773461)|empty
1896684377507638034|730128393|28|42580|42580|(863047)|.000|1|1|0|0|(817169)|empty
1896684377507638034|730128393|29|42580|42580|(904105)|.000|1|1|0|0|(863299)|empty
1896684377507638034|730128393|30|42580|42580|(948672)|.000|1|1|0|0|(904217)|empty
1896684377507638034|730128393|31|10570|10570|(957641)|.000|1|1|0|0|(948837)|empty
1896684377507638034|730128393|32|100|100|(958489)|.000|1|0|0|0|(958489)|empty
1896684377507638034|730128393|33|42077|42077|(1002432)|.000|1|1|0|0|(958537)|empty
1896684377507638034|730128393|34|42077|42077|(1043977)|.000|1|1|0|0|(1002487)|empty
1896684377507638034|730128393|35|42077|42077|(1083782)|.000|1|1|0|0|(1044170)|empty
1896684377507638034|730128393|36|42076|42076|(1129362)|.000|1|1|0|0|(1083862)|empty
1896684377507638034|730128393|37|42076|42076|(1173173)|.000|1|1|0|0|(1129408)|empty
1896684377507638034|730128393|38|42076|42076|(1213730)|.000|1|1|0|0|(1173206)|empty
1896684377507638034|730128393|39|42176|42176|(1256413)|.000|1|1|0|0|(1213876)|empty
1896684377507638034|730128393|40|9864|9864|(1267300)|.000|1|1|0|0|(1256572)|empty
1896684377507638034|730128393|41|100|100|(1268119)|.000|1|0|0|0|(1268119)|empty
1896684377507638034|730128393|42|41472|41472|(1306273)|.000|1|1|0|0|(1268151)|empty
1896684377507638034|730128393|43|41472|41472|(1346213)|.000|1|1|0|0|(1306473)|empty
1896684377507638034|730128393|44|41472|41472|(1386808)|.000|1|1|0|0|(1346418)|empty
1896684377507638034|730128393|45|41572|41572|(1429289)|.000|1|1|0|0|(1386826)|empty
1896684377507638034|730128393|46|41572|41572|(1470838)|.000|1|1|0|0|(1429329)|empty
1896684377507638034|730128393|47|41572|41572|(1510066)|.000|1|1|0|0|(1471006)|empty
1896684377507638034|730128393|48|41572|41572|(1552343)|.000|1|1|0|0|(1510096)|empty
1896684377507638034|730128393|49|41572|41572|(1592211)|.000|1|1|0|0|(1552364)|empty
1896684377507638034|730128393|50|41572|41572|(1633349)|.000|1|1|0|0|(1592244)|empty
1896684377507638034|730128393|51|41572|41572|(1671578)|.000|1|1|0|0|(1633351)|empty
1896684377507638034|730128393|52|41572|41572|(1712457)|.000|1|1|0|0|(1671654)|empty
1896684377507638034|730128393|53|41572|41572|(1751987)|.000|1|1|0|0|(1712655)|empty
1896684377507638034|730128393|54|41572|41572|(1792877)|.000|1|1|0|0|(1752094)|empty
1896684377507638034|730128393|55|41572|41572|(1839462)|.000|1|1|0|0|(1793330)|empty
1896684377507638034|730128393|56|41572|41572|(1879926)|.000|1|1|0|0|(1839526)|empty
1896684377507638034|730128393|57|41572|41572|(1920612)|.000|1|1|0|0|(1879955)|empty
1896684377507638034|730128398|0|0|0|('2 yr Degree','F')|.000|0|0|0|0|()|empty
1896684377507638034|730128398|1|1920800|14|('Unknown','M')|42.911|142807|142607|0|0|('2 yr Degree','M')|empty
1896684377507638034|730128403|0|0|0|(0,0,0,'D','F')|.000|0|0|0|0|()|empty
1896684377507638034|730128403|1|1920800|3421|(6,6,6,'W','M')|2.177|1308|1308|0|0|(0,0,0,'D','F')|empty
1896684377507638034|730128408|0|0|0|(0,0,0,'Good',500,'2 yr Degree','D','F')|.000|0|0|0|0|()|empty
1896684377507638034|730128408|1|1920800|1920800|(6,6,6,'Unknown',10000,'Unknown','W','M')|.000|1|1|0|0|(0,0,0,'Good',500,'Advanced Degree','U','M')|empty
1896684377507638034|730128413|0|0|0|('Good',500,'2 yr Degree','D','F')|.000|0|0|0|0|()|empty
1896684377507638034|730128413|1|1920800|5430|('Unknown',10000,'Unknown','W','M')|1.774|1100|1100|0|0|('Good',500,'2 yr Degree','W','F')|empty
1896684377507638034|730128418|0|0|0|('2 yr Degree','D')|.000|0|0|0|0|()|empty
1896684377507638034|730128418|1|1920800|35|('Unknown','W')|42.152|59603|59403|0|0|('2 yr Degree','M')|empty
1896684377507638034|730128422|0|0|0|('2 yr Degree','D','F')|.000|0|0|0|0|()|empty
1896684377507638034|730128422|1|1920800|70|('Unknown','W','M')|.000|31878|30274|0|0|('College','W','M')|empty
1896684377507638034|730128427|0|0|0|('D','F')|.000|0|0|0|0|()|empty
1896684377507638034|730128427|1|1920800|10|('W','M')|.000|198609|194892|0|0|('D','F')|empty
