1896684377507638119|734488383|0|27|1|2|73049|2|2016-08-16 14:32:12|('N')|('Y')|0001-01-01 00:00:00|0|0|0|1368|0.00000000000000000E+000|M|0|100|0|0|empty|empty
1896684377507638119|734488388|0|26|1|2|73049|2|2016-08-16 14:32:12|('N')|('Y')|0001-01-01 00:00:00|0|0|0|1368|0.00000000000000000E+000|M|0|100|0|0|empty|empty
1896684377507638119|734488393|0|25|1|2|73049|2|2016-08-16 14:32:12|('N')|('Y')|0001-01-01 00:00:00|0|0|0|1368|0.00000000000000000E+000|M|0|100|0|0|empty|empty
1896684377507638119|734488398|0|24|1|1|73049|1|2016-08-16 14:32:12|('N')|('N')|0001-01-01 00:00:00|0|0|0|1368|0.00000000000000000E+000|M|0|100|0|0|empty|empty
1896684377507638119|734488403|0|23|1|1|73049|1|2016-08-16 14:32:12|('N')|('N')|0001-01-01 00:00:00|0|0|0|1368|0.00000000000000000E+000|M|0|100|0|0|empty|empty
1896684377507638119|734488408|0|22|1|60|73049|72592|2016-08-16 14:32:12|(2414932)|(2487973)|0001-01-01 00:00:00|0|0|0|1368|3.38613264668885504E-004|M|0|-1|0|0|empty|empty
1896684377507638119|734488413|0|21|1|61|73049|72955|2016-08-16 14:32:12|(2414659)|(2487700)|0001-01-01 00:00:00|0|0|0|1368|9.67554503786549760E-005|M|0|-1|0|0|empty|empty
1896684377507638119|734488418|0|20|1|49|73049|2410|2016-08-16 14:32:12|(2415020)|(2488372)|0001-01-01 00:00:00|0|0|0|1368|9.62102378247614336E-003|M|0|-1|0|0|empty|empty
1896684377507638119|734488423|0|19|1|49|73049|2412|2016-08-16 14:32:12|(2415021)|(2488039)|0001-01-01 00:00:00|0|0|0|1368|8.47153598362220160E-003|M|0|-1|0|0|empty|empty
1896684377507638119|734488428|0|18|1|2|73049|2|2016-08-16 14:32:12|('N')|('Y')|0001-01-01 00:00:00|0|0|0|1368|0.00000000000000000E+000|M|0|100|0|0|empty|empty
1896684377507638119|734488433|0|17|1|2|73049|2|2016-08-16 14:32:12|('N')|('Y')|0001-01-01 00:00:00|0|0|0|1368|0.00000000000000000E+000|M|0|100|0|0|empty|empty
1896684377507638119|734488438|0|16|1|2|73049|2|2016-08-16 14:32:12|('N')|('Y')|0001-01-01 00:00:00|0|0|0|1368|0.00000000000000000E+000|M|0|100|0|0|empty|empty
1896684377507638119|734488443|0|15|1|62|73049|800|2016-08-16 14:32:12|('1900Q1')|('2099Q4')|0001-01-01 00:00:00|0|0|0|1368|8.48301320497479296E-003|M|0|600|0|0|empty|empty
1896684377507638119|734488448|0|14|1|7|73049|7|2016-08-16 14:32:12|('Friday')|('Wednesday')|0001-01-01 00:00:00|0|0|0|1368|0.00000000000000000E+000|M|0|716|0|0|empty|empty
1896684377507638119|734488453|0|13|1|56|73049|10710|2016-08-16 14:32:12|(1)|(10435)|0001-01-01 00:00:00|0|0|0|1368|2.09530239793291616E-002|M|0|-1|0|0|empty|empty
1896684377507638119|734488458|0|12|1|49|73049|801|2016-08-16 14:32:12|(1)|(801)|0001-01-01 00:00:00|0|0|0|1368|6.58507128964847360E-003|M|0|-1|0|0|empty|empty
1896684377507638119|734488463|0|11|1|156|73049|200|2016-08-16 14:32:12|(1900)|(2099)|0001-01-01 00:00:00|0|0|0|1368|2.09566113894255904E-005|M|0|-1|0|0|empty|empty
1896684377507638119|734488469|0|10|1|4|73049|4|2016-08-16 16:17:00|(1)|(4)|0001-01-01 00:00:00|0|0|0|1368|0.00000000000000000E+000|M|0|-1|0|0|empty|empty
1896684377507638119|734488472|0|9|1|31|73049|31|2016-08-16 14:53:41|(1)|(31)|0001-01-01 00:00:00|0|0|0|1368|0.00000000000000000E+000|M|0|-1|0|0|empty|empty
1896684377507638119|734488478|0|8|1|12|73049|12|2016-08-16 16:16:54|(1)|(12)|0001-01-01 00:00:00|0|0|0|1368|0.00000000000000000E+000|M|0|-1|0|0|empty|empty
1896684377507638119|734488483|0|7|1|7|73049|7|2016-08-16 16:16:51|(0)|(6)|0001-01-01 00:00:00|0|0|0|1368|0.00000000000000000E+000|M|0|-1|0|0|empty|empty
1896684377507638119|734488488|0|6|1|155|73049|200|2016-08-16 16:17:00|(1900)|(2099)|0001-01-01 00:00:00|0|0|0|1368|0.00000000000000000E+000|M|0|-1|0|0|empty|empty
1896684377507638119|734488493|0|5|1|49|73049|801|2016-08-16 14:32:12|(1)|(801)|0001-01-01 00:00:00|0|0|0|1368|6.58507128964847360E-003|M|0|-1|0|0|empty|empty
1896684377507638119|734488498|0|4|1|56|73049|10710|2016-08-16 14:32:12|(1)|(10435)|0001-01-01 00:00:00|0|0|0|1368|2.09530239793291616E-002|M|0|-1|0|0|empty|empty
1896684377507638119|734488503|0|3|1|49|73049|2412|2016-08-16 14:32:12|(0)|(2399)|0001-01-01 00:00:00|0|0|0|1368|8.47153598362220160E-003|M|0|-1|0|0|empty|empty
1896684377507638119|734488508|0|2|1|50|73049|73049|2016-08-16 14:32:12|(DATE '1900-01-04')|(DATE '2099-12-27')|0001-01-01 00:00:00|0|0|0|1368|0.00000000000000000E+000|M|0|-1|0|0|empty|empty
1896684377507638119|734488513|0|1|1|62|73049|73049|2016-08-16 14:32:12|('AAAAAAAAAAAIFCAA')|('AAAAAAAAPPPMFCAA')|0001-01-01 00:00:00|0|0|0|1368|0.00000000000000000E+000|M|0|1600|0|0|empty|empty
1896684377507638119|734488518|0|0|1|60|73049|73049|2016-08-16 14:32:12|(2415024)|(2488065)|0001-01-01 00:00:00|0|0|0|1368|0.00000000000000000E+000|M|0|-1|0|0|empty|empty
1896684377507638119|734488523|0|9|3|1|73049|73049|2016-08-16 14:53:41|(1,1,1900)|(31,12,2099)|0001-01-01 00:00:00|0|0|0|1368|0.00000000000000000E+000|M|0|-1|0|0|empty|empty
1896684377507638119|734488523|1|8|3|1|73049|73049|2016-08-16 14:53:41|(1,1,1900)|(31,12,2099)|0001-01-01 00:00:00|0|0|0|1368|0.00000000000000000E+000|M|0|-1|0|0|empty|empty
1896684377507638119|734488523|2|6|3|1|73049|73049|2016-08-16 14:53:41|(1,1,1900)|(31,12,2099)|0001-01-01 00:00:00|0|0|0|1368|0.00000000000000000E+000|M|0|-1|0|0|empty|empty
1896684377507638119|734488529|0|7|2|1|73049|1400|2016-08-16 16:16:51|(0,1900)|(6,2099)|0001-01-01 00:00:00|0|0|0|1368|0.00000000000000000E+000|M|0|-1|0|0|empty|empty
1896684377507638119|734488529|1|6|2|1|73049|1400|2016-08-16 16:16:51|(0,1900)|(6,2099)|0001-01-01 00:00:00|0|0|0|1368|0.00000000000000000E+000|M|0|-1|0|0|empty|empty
1896684377507638119|734488532|0|8|2|1|73049|2371|2016-08-16 16:16:54|(1,1900)|(12,2099)|0001-01-01 00:00:00|0|0|0|1368|0.00000000000000000E+000|M|0|-1|0|0|empty|empty
1896684377507638119|734488532|1|6|2|1|73049|2371|2016-08-16 16:16:54|(1,1900)|(12,2099)|0001-01-01 00:00:00|0|0|0|1368|0.00000000000000000E+000|M|0|-1|0|0|empty|empty
1896684377507638119|734488538|0|10|3|1|73049|2417|2016-08-16 16:08:47|(1,1,1900)|(4,12,2097)|0001-01-01 00:00:00|0|0|0|1368|0.00000000000000000E+000|M|0|-1|0|0|empty|empty
1896684377507638119|734488538|1|8|3|1|73049|2417|2016-08-16 16:08:47|(1,1,1900)|(4,12,2097)|0001-01-01 00:00:00|0|0|0|1368|0.00000000000000000E+000|M|0|-1|0|0|empty|empty
1896684377507638119|734488538|2|6|3|1|73049|2417|2016-08-16 16:08:47|(1,1,1900)|(4,12,2097)|0001-01-01 00:00:00|0|0|0|1368|0.00000000000000000E+000|M|0|-1|0|0|empty|empty
1896684377507638119|734488542|0|10|2|1|73049|800|2016-08-16 16:17:00|(1,1900)|(4,2099)|0001-01-01 00:00:00|0|0|0|1368|0.00000000000000000E+000|M|0|-1|0|0|empty|empty
1896684377507638119|734488542|1|6|2|1|73049|800|2016-08-16 16:17:00|(1,1900)|(4,2099)|0001-01-01 00:00:00|0|0|0|1368|0.00000000000000000E+000|M|0|-1|0|0|empty|empty
