1896684377507637948|1496343526|0|0|0|('')|.000|0|0|0|0|()|empty
1896684377507637948|1496343526|1|184203|1|('')|.000|184203|0|0|0|('')|empty
1896684377507637948|1496343526|2|1949333|1|('apartment')|.000|1949332|0|0|0|('apartment')|empty
1896684377507637948|1496343526|3|1939632|1|('condo')|.000|1939632|0|0|0|('condo')|empty
1896684377507637948|1496343526|4|1926832|1|('single family')|.000|1926832|0|0|0|('single family')|empty
1896684377507637948|1496343531|0|0|0|(-1.0000000E+001)|.000|0|0|0|0|()|empty
1896684377507637948|1496343531|1|7600|1|(-1.0000000E+001)|.000|7600|0|0|0|(-1.0000000E+001)|empty
1896684377507637948|1496343531|2|43401|1|(-9.0000000E+000)|.000|43400|0|0|0|(-9.0000000E+000)|empty
1896684377507637948|1496343531|3|279805|1|(-8.0000000E+000)|.000|279804|0|0|0|(-8.0000000E+000)|empty
1896684377507637948|1496343531|4|622211|1|(-7.0000000E+000)|.000|622210|0|0|0|(-7.0000000E+000)|empty
1896684377507637948|1496343531|5|2671844|1|(-6.0000000E+000)|.000|2671844|0|0|0|(-6.0000000E+000)|empty
1896684377507637948|1496343531|6|2195136|1|(-5.0000000E+000)|.000|2195136|0|0|0|(-5.0000000E+000)|empty
1896684377507637948|1496343531|7|180003|1|(NULL)|.000|0|0|0|0|()|empty
1896684377507637948|1496343536|0|0|0|('')|.000|0|0|0|0|()|empty
1896684377507637948|1496343536|1|176103|1|('')|.000|176102|0|0|0|('')|empty
1896684377507637948|1496343536|2|5823897|1|('United States')|.000|5823897|0|0|0|('United States')|empty
1896684377507637948|1496343541|0|0|0|('')|.000|0|0|0|0|()|empty
1896684377507637948|1496343541|1|173981|1|('')|.000|173981|0|0|0|('')|empty
1896684377507637948|1496343541|2|94654|279|('06891')|6.567|2203|2103|0|0|('05881')|empty
1896684377507637948|1496343541|3|94553|200|('10492')|7.790|3305|2604|0|0|('10162')|empty
1896684377507637948|1496343541|4|92951|272|('15119')|8.545|3305|2804|0|0|('11749')|empty
1896684377507637948|1496343541|5|93452|211|('18994')|9.633|3605|3405|0|0|('18222')|empty
1896684377507637948|1496343541|6|94453|104|('20525')|18.699|6510|6210|0|0|('20399')|empty
1896684377507637948|1496343541|7|93151|123|('22284')|20.686|6811|6410|0|0|('21952')|empty
1896684377507637948|1496343541|8|91348|112|('24092')|24.400|7912|7812|0|0|('23951')|empty
1896684377507637948|1496343541|9|95555|115|('25495')|23.458|7111|6710|0|0|('24975')|empty
1896684377507637948|1496343541|10|90948|105|('26867')|23.019|6911|6610|0|0|('26787')|empty
1896684377507637948|1496343541|11|92149|93|('28354')|23.264|7011|6811|0|0|('26871')|empty
1896684377507637948|1496343541|12|93151|40|('29306')|25.761|7311|6410|0|0|('29145')|empty
1896684377507637948|1496343541|13|93552|53|('30169')|27.694|7311|7311|0|0|('29431')|empty
1896684377507637948|1496343541|14|92851|185|('31732')|20.926|7812|7311|0|0|('30499')|empty
1896684377507637948|1496343541|15|93452|88|('33445')|25.153|8613|7812|0|0|('33394')|empty
1896684377507637948|1496343541|16|95855|83|('34597')|24.713|7612|6911|0|0|('34536')|empty
1896684377507637948|1496343541|17|92450|122|('36549')|20.460|6610|6610|0|0|('34854')|empty
1896684377507637948|1496343541|18|96056|109|('38014')|25.310|7712|7211|0|0|('36871')|empty
1896684377507637948|1496343541|19|92951|46|('38877')|28.604|7912|7311|0|0|('38721')|empty
1896684377507637948|1496343541|20|95555|31|('39583')|31.320|7712|7612|0|0|('38883')|empty
1896684377507637948|1496343541|21|90447|75|('40573')|26.903|8213|7411|0|0|('39843')|empty
1896684377507637948|1496343541|22|93952|121|('42284')|21.347|7011|6911|0|0|('41757')|empty
1896684377507637948|1496343541|23|92350|99|('44104')|23.817|7712|7111|0|0|('43003')|empty
1896684377507637948|1496343541|24|96657|71|('45354')|26.163|7612|7512|0|0|('44854')|empty
1896684377507637948|1496343541|25|95254|108|('46867')|23.291|7512|7411|0|0|('46787')|empty
1896684377507637948|1496343541|26|90347|81|('48222')|26.002|8113|7512|0|0|('47746')|empty
1896684377507637948|1496343541|27|96256|38|('49193')|30.186|6911|6911|0|0|('48252')|empty
1896684377507637948|1496343541|28|96757|43|('50069')|28.799|7612|7211|0|0|('49454')|empty
1896684377507637948|1496343541|29|95455|131|('51233')|25.086|9515|8914|0|0|('50191')|empty
1896684377507637948|1496343541|30|94953|95|('52459')|27.388|8313|8012|0|0|('51952')|empty
1896684377507637948|1496343541|31|93350|88|('54092')|26.356|7912|7812|0|0|('53394')|empty
1896684377507637948|1496343541|32|96255|61|('55018')|32.199|8914|8814|0|0|('54975')|empty
1896684377507637948|1496343541|33|92048|116|('56497')|24.866|9014|8513|0|0|('56098')|empty
1896684377507637948|1496343541|34|94052|98|('57745')|29.297|9715|8714|0|0|('56534')|empty
1896684377507637948|1496343541|35|96956|39|('58434')|34.323|8914|8413|0|0|('57752')|empty
1896684377507637948|1496343541|36|97157|36|('59237')|35.658|8714|8613|0|0|('58605')|empty
1896684377507637948|1496343541|37|93150|39|('60059')|31.751|7912|7912|0|0|('59843')|empty
1896684377507637948|1496343541|38|97257|126|('61209')|25.148|7812|7812|0|0|('60162')|empty
1896684377507637948|1496343541|39|97457|81|('62244')|31.702|9114|9114|0|0|('61711')|empty
1896684377507637948|1496343541|40|95955|83|('63941')|29.034|8914|8513|0|0|('63511')|empty
1896684377507637948|1496343541|41|95854|72|('64966')|30.949|8714|8613|0|0|('64136')|empty
1896684377507637948|1496343541|42|97557|82|('66277')|27.168|8313|8213|0|0|('65709')|empty
1896684377507637948|1496343541|43|97858|88|('67746')|28.674|9515|8313|0|0|('66614')|empty
1896684377507637948|1496343541|44|93551|39|('68466')|35.023|9114|8613|0|0|('68370')|empty
1896684377507637948|1496343541|45|94552|34|('69237')|34.325|9315|8613|0|0|('69145')|empty
1896684377507637948|1496343541|46|95454|49|('70059')|32.165|8814|8213|0|0|('69532')|empty
1896684377507637948|1496343541|47|93150|96|('71083')|28.555|9715|8814|0|0|('70191')|empty
1896684377507637948|1496343541|48|98659|67|('72105')|31.431|9214|8413|0|0|('71521')|empty
1896684377507637948|1496343541|49|91648|77|('73628')|27.711|8714|8613|0|0|('73003')|empty
1896684377507637948|1496343541|50|96656|94|('74843')|29.165|9315|8513|0|0|('73683')|empty
1896684377507637948|1496343541|51|99661|99|('76134')|29.461|9114|9014|0|0|('74854')|empty
1896684377507637948|1496343541|52|94252|122|('77682')|27.553|9315|8613|0|0|('76787')|empty
1896684377507637948|1496343541|53|99761|42|('78370')|34.348|8513|8513|0|0|('78054')|empty
1896684377507637948|1496343541|54|96355|57|('79231')|32.923|8513|8113|0|0|('79231')|empty
1896684377507637948|1496343541|55|97758|52|('80026')|33.946|8613|8313|0|0|('79310')|empty
1896684377507637948|1496343541|56|98759|256|('82738')|12.665|4407|4306|0|0|('80191')|empty
1896684377507637948|1496343541|57|99460|158|('85272')|15.851|4507|4507|0|0|('82812')|empty
1896684377507637948|1496343541|58|98359|177|('88057')|14.235|4206|4106|0|0|('85752')|empty
1896684377507637948|1496343541|59|100963|72|('89583')|16.763|4407|4306|0|0|('89101')|empty
1896684377507637948|1496343541|60|101063|218|('92935')|12.139|4407|3806|0|0|('89843')|empty
1896684377507637948|1496343541|61|104468|248|('96964')|10.409|3605|3305|0|0|('95124')|empty
1896684377507637948|1496343541|62|105069|126|('99920')|12.196|3505|3405|0|0|('97746')|empty
1896684377507637948|1496343546|0|0|0|('')|.000|0|0|0|0|()|empty
1896684377507637948|1496343546|1|179802|1|('')|.000|179802|0|0|0|('')|empty
1896684377507637948|1496343546|2|43201|1|('AK')|.000|43200|0|0|0|('AK')|empty
1896684377507637948|1496343546|3|121503|1|('AL')|.000|121502|0|0|0|('AL')|empty
1896684377507637948|1496343546|4|134203|1|('AR')|.000|134202|0|0|0|('AR')|empty
1896684377507637948|1496343546|5|29601|1|('AZ')|.000|29600|0|0|0|('AZ')|empty
1896684377507637948|1496343546|6|109402|1|('CA')|.000|109401|0|0|0|('CA')|empty
1896684377507637948|1496343546|7|116502|1|('CO')|.000|116501|0|0|0|('CO')|empty
1896684377507637948|1496343546|8|14701|1|('CT')|.000|14700|0|0|0|('CT')|empty
1896684377507637948|1496343546|9|2400|1|('DC')|.000|2400|0|0|0|('DC')|empty
1896684377507637948|1496343546|10|6200|1|('DE')|.000|6200|0|0|0|('DE')|empty
1896684377507637948|1496343546|11|120603|1|('FL')|.000|120602|0|0|0|('FL')|empty
1896684377507637948|1496343546|12|300406|1|('GA')|.000|300405|0|0|0|('GA')|empty
1896684377507637948|1496343546|13|6400|1|('HI')|.000|6400|0|0|0|('HI')|empty
1896684377507637948|1496343546|14|182304|1|('IA')|.000|182303|0|0|0|('IA')|empty
1896684377507637948|1496343546|15|79002|1|('ID')|.000|79001|0|0|0|('ID')|empty
1896684377507637948|1496343546|16|192204|1|('IL')|.000|192203|0|0|0|('IL')|empty
1896684377507637948|1496343546|17|175503|1|('IN')|.000|175502|0|0|0|('IN')|empty
1896684377507637948|1496343546|18|199404|1|('KS')|.000|199403|0|0|0|('KS')|empty
1896684377507637948|1496343546|19|224404|1|('KY')|.000|224403|0|0|0|('KY')|empty
1896684377507637948|1496343546|20|108502|1|('LA')|.000|108501|0|0|0|('LA')|empty
1896684377507637948|1496343546|21|27501|1|('MA')|.000|27500|0|0|0|('MA')|empty
1896684377507637948|1496343546|22|43801|1|('MD')|.000|43800|0|0|0|('MD')|empty
1896684377507637948|1496343546|23|27101|1|('ME')|.000|27100|0|0|0|('ME')|empty
1896684377507637948|1496343546|24|155103|1|('MI')|.000|155102|0|0|0|('MI')|empty
1896684377507637948|1496343546|25|159103|1|('MN')|.000|159102|0|0|0|('MN')|empty
1896684377507637948|1496343546|26|205104|1|('MO')|.000|205103|0|0|0|('MO')|empty
1896684377507637948|1496343546|27|154103|1|('MS')|.000|154102|0|0|0|('MS')|empty
1896684377507637948|1496343546|28|104402|1|('MT')|.000|104401|0|0|0|('MT')|empty
1896684377507637948|1496343546|29|197404|1|('NC')|.000|197403|0|0|0|('NC')|empty
1896684377507637948|1496343546|30|100601|1|('ND')|.000|100601|0|0|0|('ND')|empty
1896684377507637948|1496343546|31|174502|1|('NE')|.000|174502|0|0|0|('NE')|empty
1896684377507637948|1496343546|32|20500|1|('NH')|.000|20500|0|0|0|('NH')|empty
1896684377507637948|1496343546|33|36200|1|('NJ')|.000|36200|0|0|0|('NJ')|empty
1896684377507637948|1496343546|34|59900|1|('NM')|.000|59900|0|0|0|('NM')|empty
1896684377507637948|1496343546|35|30500|1|('NV')|.000|30500|0|0|0|('NV')|empty
1896684377507637948|1496343546|36|116501|1|('NY')|.000|116501|0|0|0|('NY')|empty
1896684377507637948|1496343546|37|164302|1|('OH')|.000|164302|0|0|0|('OH')|empty
1896684377507637948|1496343546|38|141902|1|('OK')|.000|141902|0|0|0|('OK')|empty
1896684377507637948|1496343546|39|71101|1|('OR')|.000|71101|0|0|0|('OR')|empty
1896684377507637948|1496343546|40|124602|1|('PA')|.000|124602|0|0|0|('PA')|empty
1896684377507637948|1496343546|41|10300|1|('RI')|.000|10300|0|0|0|('RI')|empty
1896684377507637948|1496343546|42|84801|1|('SC')|.000|84801|0|0|0|('SC')|empty
1896684377507637948|1496343546|43|120502|1|('SD')|.000|120502|0|0|0|('SD')|empty
1896684377507637948|1496343546|44|173602|1|('TN')|.000|173602|0|0|0|('TN')|empty
1896684377507637948|1496343546|45|470807|1|('TX')|.000|470807|0|0|0|('TX')|empty
1896684377507637948|1496343546|46|54200|1|('UT')|.000|54200|0|0|0|('UT')|empty
1896684377507637948|1496343546|47|258304|1|('VA')|.000|258304|0|0|0|('VA')|empty
1896684377507637948|1496343546|48|26700|1|('VT')|.000|26700|0|0|0|('VT')|empty
1896684377507637948|1496343546|49|76601|1|('WA')|.000|76601|0|0|0|('WA')|empty
1896684377507637948|1496343546|50|126002|1|('WI')|.000|126002|0|0|0|('WI')|empty
1896684377507637948|1496343546|51|102301|1|('WV')|.000|102301|0|0|0|('WV')|empty
1896684377507637948|1496343546|52|35400|1|('WY')|.000|35400|0|0|0|('WY')|empty
1896684377507637948|1496343551|0|0|0|('')|.000|0|0|0|0|()|empty
1896684377507637948|1496343551|1|179302|1|('')|.000|179302|0|0|0|('')|empty
1896684377507637948|1496343551|2|94102|31|('Allendale County')|38.836|22800|7500|0|0|('Adams County')|empty
1896684377507637948|1496343551|3|93602|45|('Attala County')|11.210|8600|3600|0|0|('Anderson County')|empty
1896684377507637948|1496343551|4|95402|41|('Bayfield County')|10.387|5700|4800|0|0|('Baker County')|empty
1896684377507637948|1496343551|5|93202|35|('Bienville Parish')|25.783|16500|5700|0|0|('Benton County')|empty
1896684377507637948|1496343551|6|93602|38|('Bracken County')|21.544|13800|7400|0|0|('Boone County')|empty
1896684377507637948|1496343551|7|91802|32|('Buena Vista city')|25.709|15500|5600|0|0|('Brown County')|empty
1896684377507637948|1496343551|8|81602|26|('Caledonia County')|32.129|16700|9400|0|0|('Butler County')|empty
1896684377507637948|1496343551|9|89702|24|('Caroline County')|42.254|21500|8400|0|0|('Calhoun County')|empty
1896684377507637948|1496343551|10|95802|24|('Chaffee County')|57.143|25100|17500|0|0|('Carroll County')|empty
1896684377507637948|1496343551|11|93102|33|('Chilton County')|22.721|14000|6100|0|0|('Cherokee County')|empty
1896684377507637948|1496343551|12|82002|21|('Clatsop County')|47.264|23400|8800|0|0|('Clark County')|empty
1896684377507637948|1496343551|13|32001|1|('Clay County')|.000|32000|0|0|0|('Clay County')|empty
1896684377507637948|1496343551|14|93402|34|('Colquitt County')|24.770|15600|6000|0|0|('Clinton County')|empty
1896684377507637948|1496343551|15|90902|36|('Craven County')|22.024|13900|6400|0|0|('Columbia County')|empty
1896684377507637948|1496343551|16|94102|21|('Dade County')|53.443|23000|15700|0|0|('Crawford County')|empty
1896684377507637948|1496343551|17|86002|29|('Dearborn County')|21.691|8600|8100|0|0|('DeKalb County')|empty
1896684377507637948|1496343551|18|94802|34|('Donley County')|24.140|10500|10400|0|0|('Delaware County')|empty
1896684377507637948|1496343551|19|92502|36|('Edwards County')|33.525|21900|4300|0|0|('Douglas County')|empty
1896684377507637948|1496343551|20|94702|33|('Falls Church city')|17.389|9500|6100|0|0|('Essex County')|empty
1896684377507637948|1496343551|21|91302|28|('Fountain County')|34.720|18300|11300|0|0|('Fayette County')|empty
1896684377507637948|1496343551|22|45301|1|('Franklin County')|.000|45300|0|0|0|('Franklin County')|empty
1896684377507637948|1496343551|23|93002|32|('Gem County')|26.789|13200|11200|0|0|('Fulton County')|empty
1896684377507637948|1496343551|24|94802|39|('Grand Isle County')|11.066|5800|5100|0|0|('Graham County')|empty
1896684377507637948|1496343551|25|95102|19|('Greenville County')|73.810|27400|25200|0|0|('Greene County')|empty
1896684377507637948|1496343551|26|83402|28|('Hampton city')|31.193|17700|7000|0|0|('Hamilton County')|empty
1896684377507637948|1496343551|27|95302|23|('Hartley County')|49.447|20800|14500|0|0|('Hancock County')|empty
1896684377507637948|1496343551|28|94502|29|('Hinds County')|33.751|19700|7300|0|0|('Henry County')|empty
1896684377507637948|1496343551|29|94102|32|('Huntington County')|25.244|12800|9700|0|0|('Howard County')|empty
1896684377507637948|1496343551|30|71802|30|('Jack County')|14.651|8700|4500|0|0|('Iron County')|empty
1896684377507637948|1496343551|31|42701|1|('Jackson County')|.000|42700|0|0|0|('Jackson County')|empty
1896684377507637948|1496343551|32|25401|5|('Jeff Davis County')|56.058|16100|4300|0|0|('Jasper County')|empty
1896684377507637948|1496343551|33|48401|1|('Jefferson County')|.000|48400|0|0|0|('Jefferson County')|empty
1896684377507637948|1496343551|34|93402|33|('Kay County')|32.662|18400|11100|0|0|('Johnson County')|empty
1896684377507637948|1496343551|35|91602|40|('Knott County')|13.127|8100|5100|0|0|('Kent County')|empty
1896684377507637948|1496343551|36|93902|23|('Lake and Peninsula Borough')|57.032|24800|18200|0|0|('Lake County')|empty
1896684377507637948|1496343551|37|91102|29|('Lebanon County')|38.162|21200|8600|0|0|('Lawrence County')|empty
1896684377507637948|1496343551|38|77702|18|('Limestone County')|52.510|21900|14200|0|0|('Lee County')|empty
1896684377507637948|1496343551|39|43601|1|('Lincoln County')|.000|43600|0|0|0|('Lincoln County')|empty
1896684377507637948|1496343551|40|95102|32|('Lynchburg city')|34.262|19800|9100|0|0|('Logan County')|empty
1896684377507637948|1496343551|41|29101|7|('Madera County')|34.141|10500|8400|0|0|('Macon County')|empty
1896684377507637948|1496343551|42|37201|1|('Madison County')|.000|37200|0|0|0|('Madison County')|empty
1896684377507637948|1496343551|43|33800|18|('Marinette County')|4.491|2600|2600|0|0|('Manitowoc County')|empty
1896684377507637948|1496343551|44|35300|1|('Marion County')|.000|35300|0|0|0|('Marion County')|empty
1896684377507637948|1496343551|45|93901|27|('McDuffie County')|46.730|23200|11900|0|0|('Marshall County')|empty
1896684377507637948|1496343551|46|96301|29|('Merrimack County')|27.091|14500|8100|0|0|('Mercer County')|empty
1896684377507637948|1496343551|47|89701|30|('Monongalia County')|20.043|9200|8000|0|0|('Mitchell County')|empty
1896684377507637948|1496343551|48|34600|5|('Montezuma County')|104.954|27900|2300|0|0|('Monroe County')|empty
1896684377507637948|1496343551|49|33500|1|('Montgomery County')|.000|33500|0|0|0|('Montgomery County')|empty
1896684377507637948|1496343551|50|98401|34|('Natrona County')|33.332|20700|6000|0|0|('Morgan County')|empty
1896684377507637948|1496343551|51|95601|35|('Northampton County')|21.638|13500|6000|0|0|('Newton County')|empty
1896684377507637948|1496343551|52|97801|39|('Orangeburg County')|22.659|15300|4900|0|0|('Orange County')|empty
1896684377507637948|1496343551|53|97701|39|('Patrick County')|13.418|6800|6000|0|0|('Ottawa County')|empty
1896684377507637948|1496343551|54|99301|30|('Pickens County')|31.640|17900|8200|0|0|('Perry County')|empty
1896684377507637948|1496343551|55|99701|26|('Pontotoc County')|50.135|20700|19700|0|0|('Polk County')|empty
1896684377507637948|1496343551|56|85301|30|('Pushmataha County')|21.781|12900|6200|0|0|('Pulaski County')|empty
1896684377507637948|1496343551|57|99801|37|('Rice County')|31.496|16700|14400|0|0|('Putnam County')|empty
1896684377507637948|1496343551|58|100301|34|('Roscommon County')|22.485|11900|8000|0|0|('Richland County')|empty
1896684377507637948|1496343551|59|101501|39|('Sanders County')|16.721|9700|7100|0|0|('Saline County')|empty
1896684377507637948|1496343551|60|100401|36|('Sequatchie County')|30.324|19000|6800|0|0|('Scott County')|empty
1896684377507637948|1496343551|61|101401|29|('Smith County')|30.805|15800|8500|0|0|('Shelby County')|empty
1896684377507637948|1496343551|62|96901|35|('Stokes County')|13.966|7200|6000|0|0|('Somerset County')|empty
1896684377507637948|1496343551|63|102401|37|('Taos County')|22.260|11900|8200|0|0|('Sullivan County')|empty
1896684377507637948|1496343551|64|101901|37|('Towns County')|21.790|13500|6500|0|0|('Taylor County')|empty
1896684377507637948|1496343551|65|66601|33|('Unicoi County')|6.694|4600|3600|0|0|('Turner County')|empty
1896684377507637948|1496343551|66|34200|1|('Union County')|.000|34200|0|0|0|('Union County')|empty
1896684377507637948|1496343551|67|102601|44|('Walsh County')|13.412|7200|6900|0|0|('Van Buren County')|empty
1896684377507637948|1496343551|68|50300|13|('Washburn County')|59.361|24200|4600|0|0|('Warren County')|empty
1896684377507637948|1496343551|69|54600|1|('Washington County')|.000|54600|0|0|0|('Washington County')|empty
1896684377507637948|1496343551|70|16000|9|('Waushara County')|4.076|2400|2100|0|0|('Waupaca County')|empty
1896684377507637948|1496343551|71|30500|1|('Wayne County')|.000|30500|0|0|0|('Wayne County')|empty
1896684377507637948|1496343551|72|128902|42|('Winchester city')|23.784|12500|9700|0|0|('Webster County')|empty
1896684377507637948|1496343551|73|131302|48|('Ziebach County')|18.791|9000|8500|0|0|('York County')|empty
1896684377507637948|1496343557|0|0|0|('')|.000|0|0|0|0|()|empty
1896684377507637948|1496343557|1|180630|1|('')|.000|180630|0|0|0|('')|empty
1896684377507637948|1496343557|2|22704|18|('Andover')|11.571|3000|2900|0|0|('Amity')|empty
1896684377507637948|1496343557|3|53009|1|('Antioch')|.000|53008|0|0|0|('Antioch')|empty
1896684377507637948|1496343557|4|5200|3|('Argyle')|5.734|2400|1800|0|0|('Argyle')|empty
1896684377507637948|1496343557|5|49509|1|('Arlington')|.000|49508|0|0|0|('Arlington')|empty
1896684377507637948|1496343557|6|2900|2|('Arthur')|12.500|2700|200|0|0|('Arthur')|empty
1896684377507637948|1496343557|7|47608|1|('Ashland')|.000|47607|0|0|0|('Ashland')|empty
1896684377507637948|1496343557|8|32606|27|('Belleville')|12.382|3300|3000|0|0|('Ashley')|empty
1896684377507637948|1496343557|9|45208|1|('Belmont')|.000|45207|0|0|0|('Belmont')|empty
1896684377507637948|1496343557|10|4400|5|('Berea')|9.565|2200|1900|0|0|('Berea')|empty
1896684377507637948|1496343557|11|51709|1|('Bethel')|.000|51708|0|0|0|('Bethel')|empty
1896684377507637948|1496343557|12|18904|21|('Briarwood')|12.510|3200|2900|0|0|('Bloomingdale')|empty
1896684377507637948|1496343557|13|51009|1|('Bridgeport')|.000|51008|0|0|0|('Bridgeport')|empty
1896684377507637948|1496343557|14|9901|9|('Brookwood')|22.808|6101|3200|0|0|('Brookwood')|empty
1896684377507637948|1496343557|15|49409|1|('Brownsville')|.000|49408|0|0|0|('Brownsville')|empty
1896684377507637948|1496343557|16|5400|9|('Buckingham')|12.106|2800|2300|0|0|('Brunswick')|empty
1896684377507637948|1496343557|17|49609|1|('Buena Vista')|.000|49608|0|0|0|('Buena Vista')|empty
1896684377507637948|1496343557|18|200|1|('Buffalo')|.000|200|0|0|0|('Buffalo')|empty
1896684377507637948|1496343557|19|45308|1|('Bunker Hill')|.000|45307|0|0|0|('Bunker Hill')|empty
1896684377507637948|1496343557|20|22104|21|('Cedar Creek')|12.807|3500|3200|0|0|('Caledonia')|empty
1896684377507637948|1496343557|21|49009|1|('Cedar Grove')|.000|49008|0|0|0|('Cedar Grove')|empty
1896684377507637948|1496343557|22|400|52|('Center Point')|.000|100|50|0|0|('Cedar Hill')|empty
1896684377507637948|1496343557|23|49809|13|('Centerville')|.000|49808|0|0|0|('Centerville')|empty
1896684377507637948|1496343557|24|17803|18|('Clifford')|13.128|3300|3100|0|0|('Chestnut Ridge')|empty
1896684377507637948|1496343557|25|49409|1|('Clifton')|.000|49408|0|0|0|('Clifton')|empty
1896684377507637948|1496343557|26|100|2|('Climax')|.000|100|50|0|0|('Climax')|empty
1896684377507637948|1496343557|27|50509|2|('Clinton')|.000|50508|0|0|0|('Clinton')|empty
1896684377507637948|1496343557|28|7201|11|('Columbia')|11.510|2900|2600|0|0|('Collinsville')|empty
1896684377507637948|1496343557|29|48309|1|('Concord')|.000|48308|0|0|0|('Concord')|empty
1896684377507637948|1496343557|30|3300|31|('Crestview')|7.166|2300|300|0|0|('Cordova')|empty
1896684377507637948|1496343557|31|51409|1|('Crossroads')|.000|51408|0|0|0|('Crossroads')|empty
1896684377507637948|1496343557|32|8901|9|('Decatur')|14.229|4100|2300|0|0|('Dallas')|empty
1896684377507637948|1496343557|33|50509|1|('Deerfield')|.000|50508|0|0|0|('Deerfield')|empty
1896684377507637948|1496343557|34|17103|43|('Edgewater')|11.221|3200|3200|0|0|('Doyle')|empty
1896684377507637948|1496343557|35|52609|1|('Edgewood')|.000|52608|0|0|0|('Edgewood')|empty
1896684377507637948|1496343557|36|22104|14|('Englewood')|12.636|3200|3000|0|0|('Elkton')|empty
1896684377507637948|1496343557|37|46108|1|('Enterprise')|.000|46107|0|0|0|('Enterprise')|empty
1896684377507637948|1496343557|38|4600|12|('Fairfax')|9.122|2200|1900|0|0|('Fairbanks')|empty
1896684377507637948|1496343557|39|56910|1|('Fairfield')|.000|56909|0|0|0|('Fairfield')|empty
1896684377507637948|1496343557|40|51109|1|('Fairview')|.000|51108|0|0|0|('Fairview')|empty
1896684377507637948|1496343557|41|2100|1|('Farmersville')|.000|2100|0|0|0|('Farmersville')|empty
1896684377507637948|1496343557|42|50709|1|('Farmington')|.000|50708|0|0|0|('Farmington')|empty
1896684377507637948|1496343557|43|8001|9|('Fisher')|13.449|3600|2300|0|0|('Fisher')|empty
1896684377507637948|1496343557|44|48209|1|('Five Forks')|.000|48208|0|0|0|('Five Forks')|empty
1896684377507637948|1496343557|45|47408|1|('Five Points')|.000|47407|0|0|0|('Five Points')|empty
1896684377507637948|1496343557|46|5500|3|('Flint')|12.364|2900|2500|0|0|('Flatwoods')|empty
1896684377507637948|1496343557|47|48209|1|('Florence')|.000|48208|0|0|0|('Florence')|empty
1896684377507637948|1496343557|48|5500|4|('Forest Hill')|11.776|2600|2500|0|0|('Floyd')|empty
1896684377507637948|1496343557|49|47708|1|('Forest Hills')|.000|47707|0|0|0|('Forest Hills')|empty
1896684377507637948|1496343557|50|13503|6|('Frankfort')|10.981|3400|3300|0|0|('Forestville')|empty
1896684377507637948|1496343557|51|51409|1|('Franklin')|.000|51408|0|0|0|('Franklin')|empty
1896684377507637948|1496343557|52|6701|8|('Frenchtown')|9.855|2200|2100|0|0|('Freeport')|empty
1896684377507637948|1496343557|53|46708|1|('Friendship')|.000|46707|0|0|0|('Friendship')|empty
1896684377507637948|1496343557|54|9901|12|('Genoa')|12.072|3300|2400|0|0|('Frogtown')|empty
1896684377507637948|1496343557|55|53509|1|('Georgetown')|.000|53508|0|0|0|('Georgetown')|empty
1896684377507637948|1496343557|56|6201|13|('Glencoe')|13.249|3100|2700|0|0|('Gladstone')|empty
1896684377507637948|1496343557|57|44508|1|('Glendale')|.000|44507|0|0|0|('Glendale')|empty
1896684377507637948|1496343557|58|2300|1|('Glenville')|.000|2300|0|0|0|('Glenville')|empty
1896684377507637948|1496343557|59|53109|1|('Glenwood')|.000|53108|0|0|0|('Glenwood')|empty
1896684377507637948|1496343557|60|11102|10|('Gravel Hill')|12.027|2900|2900|0|0|('Granite')|empty
1896684377507637948|1496343557|61|50609|1|('Green Acres')|.000|50608|0|0|0|('Green Acres')|empty
1896684377507637948|1496343557|62|2000|5|('Greendale')|7.318|1700|200|0|0|('Greendale')|empty
1896684377507637948|1496343557|63|48009|1|('Greenfield')|.000|48008|0|0|0|('Greenfield')|empty
1896684377507637948|1496343557|64|51509|1|('Greenville')|.000|51508|0|0|0|('Greenville')|empty
1896684377507637948|1496343557|65|47608|1|('Greenwood')|.000|47607|0|0|0|('Greenwood')|empty
1896684377507637948|1496343557|66|10202|4|('Guthrie')|2.692|2800|2700|0|0|('Gum Springs')|empty
1896684377507637948|1496343557|67|51609|1|('Hamilton')|.000|51608|0|0|0|('Hamilton')|empty
1896684377507637948|1496343557|68|5400|7|('Harmon')|11.285|2900|1900|0|0|('Hardy')|empty
1896684377507637948|1496343557|69|54510|1|('Harmony')|.000|54509|0|0|0|('Harmony')|empty
1896684377507637948|1496343557|70|11402|15|('High Point')|11.198|3100|2600|0|0|('Harvey')|empty
1896684377507637948|1496343557|71|51109|1|('Highland')|.000|51108|0|0|0|('Highland')|empty
1896684377507637948|1496343557|72|53709|1|('Highland Park')|.000|53708|0|0|0|('Highland Park')|empty
1896684377507637948|1496343557|73|48709|1|('Hillcrest')|.000|48708|0|0|0|('Hillcrest')|empty
1896684377507637948|1496343557|74|1100|15|('Homewood')|.484|200|200|0|0|('Hillsboro')|empty
1896684377507637948|1496343557|75|48509|1|('Hopewell')|.000|48508|0|0|0|('Hopewell')|empty
1896684377507637948|1496343557|76|11002|22|('Ingleside')|10.922|3000|2400|0|0|('Indian Village')|empty
1896684377507637948|1496343557|77|51009|1|('Jackson')|.000|51008|0|0|0|('Jackson')|empty
1896684377507637948|1496343557|78|200|1|('Jacksonville')|.000|200|0|0|0|('Jacksonville')|empty
1896684377507637948|1496343557|79|49109|1|('Jamestown')|.000|49108|0|0|0|('Jamestown')|empty
1896684377507637948|1496343557|80|16903|14|('King')|11.686|3100|2900|0|0|('Jones')|empty
1896684377507637948|1496343557|81|45508|1|('Kingston')|.000|45507|0|0|0|('Kingston')|empty
1896684377507637948|1496343557|82|7301|12|('Lake Forest')|10.361|2700|2300|0|0|('Lake Forest')|empty
1896684377507637948|1496343557|83|50209|1|('Lakeside')|.000|50208|0|0|0|('Lakeside')|empty
1896684377507637948|1496343557|84|52409|1|('Lakeview')|.000|52408|0|0|0|('Lakeview')|empty
1896684377507637948|1496343557|85|2200|1|('Lakeville')|.000|2200|0|0|0|('Lakeville')|empty
1896684377507637948|1496343557|86|53809|1|('Lakewood')|.000|53808|0|0|0|('Lakewood')|empty
1896684377507637948|1496343557|87|5000|11|('Lawrenceville')|9.961|2600|1800|0|0|('Langdon')|empty
1896684377507637948|1496343557|88|51809|1|('Lebanon')|.000|51808|0|0|0|('Lebanon')|empty
1896684377507637948|1496343557|89|22004|9|('Lewisville')|8.770|3100|3100|0|0|('Lee')|empty
1896684377507637948|1496343557|90|51509|1|('Liberty')|.000|51508|0|0|0|('Liberty')|empty
1896684377507637948|1496343557|91|100|2|('Liberty Hill')|.000|100|50|0|0|('Liberty Hill')|empty
1896684377507637948|1496343557|92|49109|2|('Lincoln')|.000|49108|0|0|0|('Lincoln')|empty
1896684377507637948|1496343557|93|21304|24|('Lynn')|11.825|3100|3100|0|0|('Louisville')|empty
1896684377507637948|1496343557|94|50009|1|('Macedonia')|.000|50008|0|0|0|('Macedonia')|empty
1896684377507637948|1496343557|95|3000|6|('Manchester')|9.552|2400|300|0|0|('Macon')|empty
1896684377507637948|1496343557|96|48609|1|('Maple Grove')|.000|48608|0|0|0|('Maple Grove')|empty
1896684377507637948|1496343557|97|2500|1|('Maple Hill')|.000|2500|0|0|0|('Maple Hill')|empty
1896684377507637948|1496343557|98|50709|1|('Marion')|.000|50708|0|0|0|('Marion')|empty
1896684377507637948|1496343557|99|9101|30|('Middletown')|10.858|2800|2600|0|0|('Martinsville')|empty
1896684377507637948|1496343557|100|51709|1|('Midway')|.000|51708|0|0|0|('Midway')|empty
1896684377507637948|1496343557|101|22904|34|('Mount Airy')|12.478|3200|3200|0|0|('Montague')|empty
1896684377507637948|1496343557|102|49509|1|('Mount Olive')|.000|49508|0|0|0|('Mount Olive')|empty
1896684377507637948|1496343557|103|48809|1|('Mount Pleasant')|.000|48808|0|0|0|('Mount Pleasant')|empty
1896684377507637948|1496343557|104|200|1|('Mount Tabor')|.000|200|0|0|0|('Mount Tabor')|empty
1896684377507637948|1496343557|105|48609|1|('Mount Vernon')|.000|48608|0|0|0|('Mount Vernon')|empty
1896684377507637948|1496343557|106|50609|1|('Mount Zion')|.000|50608|0|0|0|('Mount Zion')|empty
1896684377507637948|1496343557|107|50609|1|('Mountain View')|.000|50608|0|0|0|('Mountain View')|empty
1896684377507637948|1496343557|108|5700|15|('New Haven')|9.803|2600|2200|0|0|('Murray')|empty
1896684377507637948|1496343557|109|52009|1|('New Hope')|.000|52008|0|0|0|('New Hope')|empty
1896684377507637948|1496343557|110|2700|13|('Newburg')|9.959|2400|100|0|0|('New Town')|empty
1896684377507637948|1496343557|111|49709|1|('Newport')|.000|49708|0|0|0|('Newport')|empty
1896684377507637948|1496343557|112|100|2|('Newton')|.000|100|50|0|0|('Newton')|empty
1896684377507637948|1496343557|113|50709|2|('Newtown')|.000|50708|0|0|0|('Newtown')|empty
1896684377507637948|1496343557|114|8401|6|('Oak Forest')|12.503|3200|2600|0|0|('Nichols')|empty
1896684377507637948|1496343557|115|54010|1|('Oak Grove')|.000|54009|0|0|0|('Oak Grove')|empty
1896684377507637948|1496343557|116|49309|1|('Oak Hill')|.000|49308|0|0|0|('Oak Hill')|empty
1896684377507637948|1496343557|117|48109|1|('Oak Ridge')|.000|48108|0|0|0|('Oak Ridge')|empty
1896684377507637948|1496343557|118|50309|1|('Oakdale')|.000|50308|0|0|0|('Oakdale')|empty
1896684377507637948|1496343557|119|51109|1|('Oakland')|.000|51108|0|0|0|('Oakland')|empty
1896684377507637948|1496343557|120|200|8|('Oakville')|.000|100|50|0|0|('Oakley')|empty
1896684377507637948|1496343557|121|48909|4|('Oakwood')|.000|48908|0|0|0|('Oakwood')|empty
1896684377507637948|1496343557|122|33506|26|('Pierce')|12.096|3300|2900|0|0|('Pierce')|empty
1896684377507637948|1496343557|123|50809|1|('Pine Grove')|.000|50808|0|0|0|('Pine Grove')|empty
1896684377507637948|1496343557|124|8501|18|('Plainfield')|10.837|3200|2200|0|0|('Pine Valley')|empty
1896684377507637948|1496343557|125|50209|1|('Plainview')|.000|50208|0|0|0|('Plainview')|empty
1896684377507637948|1496343557|126|1900|1|('Plainville')|.000|1900|0|0|0|('Plainville')|empty
1896684377507637948|1496343557|127|50909|1|('Pleasant Grove')|.000|50908|0|0|0|('Pleasant Grove')|empty
1896684377507637948|1496343557|128|53608|1|('Pleasant Hill')|.000|53608|0|0|0|('Pleasant Hill')|empty
1896684377507637948|1496343557|129|100|2|('Pleasant Ridge')|.000|100|50|0|0|('Pleasant Ridge')|empty
1896684377507637948|1496343557|130|46307|2|('Pleasant Valley')|.000|46307|0|0|0|('Pleasant Valley')|empty
1896684377507637948|1496343557|131|16902|14|('Prosperity')|13.151|3400|3000|0|0|('Prosperity')|empty
1896684377507637948|1496343557|132|52808|1|('Providence')|.000|52808|0|0|0|('Providence')|empty
1896684377507637948|1496343557|133|8301|6|('Red Bank')|15.186|3600|3300|0|0|('Red Bank')|empty
1896684377507637948|1496343557|134|45207|1|('Red Hill')|.000|45207|0|0|0|('Red Hill')|empty
1896684377507637948|1496343557|135|26304|13|('River Oaks')|10.511|3000|2900|0|0|('River Oaks')|empty
1896684377507637948|1496343557|136|51008|1|('Riverdale')|.000|51008|0|0|0|('Riverdale')|empty
1896684377507637948|1496343557|137|50608|1|('Riverside')|.000|50608|0|0|0|('Riverside')|empty
1896684377507637948|1496343557|138|200|1|('Riverton')|.000|200|0|0|0|('Riverton')|empty
1896684377507637948|1496343557|139|49908|1|('Riverview')|.000|49908|0|0|0|('Riverview')|empty
1896684377507637948|1496343557|140|49308|45|('Saint Johns')|12.718|3200|3100|0|0|('Saint James')|empty
1896684377507637948|1496343557|141|55109|1|('Salem')|.000|55109|0|0|0|('Salem')|empty
1896684377507637948|1496343557|142|11401|10|('Seneca')|12.202|2800|2700|0|0|('San Jose')|empty
1896684377507637948|1496343557|143|45707|1|('Shady Grove')|.000|45707|0|0|0|('Shady Grove')|empty
1896684377507637948|1496343557|144|11501|13|('Sherwood Forest')|12.027|3000|2800|0|0|('Shaw')|empty
1896684377507637948|1496343557|145|51908|1|('Shiloh')|.000|51908|0|0|0|('Shiloh')|empty
1896684377507637948|1496343557|146|22803|16|('Spring Grove')|12.589|3400|3200|0|0|('Siloam')|empty
1896684377507637948|1496343557|147|50108|1|('Spring Hill')|.000|50108|0|0|0|('Spring Hill')|empty
1896684377507637948|1496343557|148|48908|1|('Spring Valley')|.000|48908|0|0|0|('Spring Valley')|empty
1896684377507637948|1496343557|149|51008|1|('Springdale')|.000|51008|0|0|0|('Springdale')|empty
1896684377507637948|1496343557|150|51408|1|('Springfield')|.000|51408|0|0|0|('Springfield')|empty
1896684377507637948|1496343557|151|17502|13|('Stratford')|14.196|3600|3500|0|0|('Stratford')|empty
1896684377507637948|1496343557|152|47407|1|('Stringtown')|.000|47407|0|0|0|('Stringtown')|empty
1896684377507637948|1496343557|153|5800|3|('Sullivan')|11.728|3000|2500|0|0|('Sullivan')|empty
1896684377507637948|1496343557|154|49108|1|('Sulphur Springs')|.000|49108|0|0|0|('Sulphur Springs')|empty
1896684377507637948|1496343557|155|4800|2|('Summerville')|4.000|2800|2000|0|0|('Summerfield')|empty
1896684377507637948|1496343557|156|54409|1|('Summit')|.000|54409|0|0|0|('Summit')|empty
1896684377507637948|1496343557|157|1900|1|('Sumner')|.000|1900|0|0|0|('Sumner')|empty
1896684377507637948|1496343557|158|52408|1|('Sunnyside')|.000|52408|0|0|0|('Sunnyside')|empty
1896684377507637948|1496343557|159|34005|24|('Tyrone')|13.138|3400|3300|0|0|('Tipton')|empty
1896684377507637948|1496343557|160|50508|1|('Union')|.000|50508|0|0|0|('Union')|empty
1896684377507637948|1496343557|161|3200|1|('Union City')|.000|3200|0|0|0|('Union City')|empty
1896684377507637948|1496343557|162|50508|1|('Union Hill')|.000|50508|0|0|0|('Union Hill')|empty
1896684377507637948|1496343557|163|200|1|('Uniontown')|.000|200|0|0|0|('Uniontown')|empty
1896684377507637948|1496343557|164|53708|1|('Unionville')|.000|53708|0|0|0|('Unionville')|empty
1896684377507637948|1496343557|165|200|7|('Upton')|.000|100|50|0|0|('Unity')|empty
1896684377507637948|1496343557|166|47107|3|('Valley View')|.000|47107|0|0|0|('Valley View')|empty
1896684377507637948|1496343557|167|10401|8|('Walnut')|11.368|2700|2600|0|0|('Vista')|empty
1896684377507637948|1496343557|168|52908|1|('Walnut Grove')|.000|52908|0|0|0|('Walnut Grove')|empty
1896684377507637948|1496343557|169|5000|5|('Waterford')|9.528|2400|1900|0|0|('Washington Heights')|empty
1896684377507637948|1496343557|170|49408|1|('Waterloo')|.000|49408|0|0|0|('Waterloo')|empty
1896684377507637948|1496343557|171|30605|19|('White Hall')|12.621|3200|3200|0|0|('Webb')|empty
1896684377507637948|1496343557|172|51308|1|('White Oak')|.000|51308|0|0|0|('White Oak')|empty
1896684377507637948|1496343557|173|8401|3|('Whitney')|2.160|3000|2900|0|0|('White Plains')|empty
1896684377507637948|1496343557|174|52308|1|('Wildwood')|.000|52308|0|0|0|('Wildwood')|empty
1896684377507637948|1496343557|175|7601|10|('Willow Springs')|11.556|3000|2300|0|0|('Williamsville')|empty
1896684377507637948|1496343557|176|51108|1|('Wilson')|.000|51108|0|0|0|('Wilson')|empty
1896684377507637948|1496343557|177|13202|12|('Woodcrest')|10.057|2600|2300|0|0|('Woodcrest')|empty
1896684377507637948|1496343557|178|51208|1|('Woodland')|.000|51208|0|0|0|('Woodland')|empty
1896684377507637948|1496343557|179|3000|2|('Woodland Park')|13.000|2800|200|0|0|('Woodland Park')|empty
1896684377507637948|1496343557|180|48608|1|('Woodlawn')|.000|48608|0|0|0|('Woodlawn')|empty
1896684377507637948|1496343557|181|6301|5|('Woodstock')|14.855|3300|2800|0|0|('Woodrow')|empty
1896684377507637948|1496343557|182|50208|1|('Woodville')|.000|50208|0|0|0|('Woodville')|empty
1896684377507637948|1496343557|183|7901|5|('Zion')|7.440|2400|2000|0|0|('Wyoming')|empty
1896684377507637948|1496343561|0|0|0|('')|.000|0|0|0|0|()|empty
1896684377507637948|1496343561|1|184403|1|('')|.000|184403|0|0|0|('')|empty
1896684377507637948|1496343561|2|61402|1|('Suite 0')|.000|61401|0|0|0|('Suite 0')|empty
1896684377507637948|1496343561|3|59901|1|('Suite 10')|.000|59900|0|0|0|('Suite 10')|empty
1896684377507637948|1496343561|4|58201|1|('Suite 100')|.000|58200|0|0|0|('Suite 100')|empty
1896684377507637948|1496343561|5|58101|1|('Suite 110')|.000|58100|0|0|0|('Suite 110')|empty
1896684377507637948|1496343561|6|58401|1|('Suite 120')|.000|58400|0|0|0|('Suite 120')|empty
1896684377507637948|1496343561|7|61302|1|('Suite 130')|.000|61301|0|0|0|('Suite 130')|empty
1896684377507637948|1496343561|8|60202|1|('Suite 140')|.000|60201|0|0|0|('Suite 140')|empty
1896684377507637948|1496343561|9|57001|1|('Suite 150')|.000|57000|0|0|0|('Suite 150')|empty
1896684377507637948|1496343561|10|57201|1|('Suite 160')|.000|57200|0|0|0|('Suite 160')|empty
1896684377507637948|1496343561|11|62002|1|('Suite 170')|.000|62001|0|0|0|('Suite 170')|empty
1896684377507637948|1496343561|12|52001|1|('Suite 180')|.000|52000|0|0|0|('Suite 180')|empty
1896684377507637948|1496343561|13|55601|1|('Suite 190')|.000|55600|0|0|0|('Suite 190')|empty
1896684377507637948|1496343561|14|58301|1|('Suite 20')|.000|58300|0|0|0|('Suite 20')|empty
1896684377507637948|1496343561|15|56401|1|('Suite 200')|.000|56400|0|0|0|('Suite 200')|empty
1896684377507637948|1496343561|16|59701|1|('Suite 210')|.000|59700|0|0|0|('Suite 210')|empty
1896684377507637948|1496343561|17|55001|1|('Suite 220')|.000|55000|0|0|0|('Suite 220')|empty
1896684377507637948|1496343561|18|61402|1|('Suite 230')|.000|61401|0|0|0|('Suite 230')|empty
1896684377507637948|1496343561|19|52501|1|('Suite 240')|.000|52500|0|0|0|('Suite 240')|empty
1896684377507637948|1496343561|20|63302|1|('Suite 250')|.000|63301|0|0|0|('Suite 250')|empty
1896684377507637948|1496343561|21|63402|1|('Suite 260')|.000|63401|0|0|0|('Suite 260')|empty
1896684377507637948|1496343561|22|58001|1|('Suite 270')|.000|58000|0|0|0|('Suite 270')|empty
1896684377507637948|1496343561|23|55101|1|('Suite 280')|.000|55100|0|0|0|('Suite 280')|empty
1896684377507637948|1496343561|24|60402|1|('Suite 290')|.000|60401|0|0|0|('Suite 290')|empty
1896684377507637948|1496343561|25|57901|1|('Suite 30')|.000|57900|0|0|0|('Suite 30')|empty
1896684377507637948|1496343561|26|57401|1|('Suite 300')|.000|57400|0|0|0|('Suite 300')|empty
1896684377507637948|1496343561|27|57701|1|('Suite 310')|.000|57700|0|0|0|('Suite 310')|empty
1896684377507637948|1496343561|28|55201|1|('Suite 320')|.000|55200|0|0|0|('Suite 320')|empty
1896684377507637948|1496343561|29|56801|1|('Suite 330')|.000|56800|0|0|0|('Suite 330')|empty
1896684377507637948|1496343561|30|59701|1|('Suite 340')|.000|59700|0|0|0|('Suite 340')|empty
1896684377507637948|1496343561|31|57101|1|('Suite 350')|.000|57100|0|0|0|('Suite 350')|empty
1896684377507637948|1496343561|32|57801|1|('Suite 360')|.000|57800|0|0|0|('Suite 360')|empty
1896684377507637948|1496343561|33|57601|1|('Suite 370')|.000|57600|0|0|0|('Suite 370')|empty
1896684377507637948|1496343561|34|57001|1|('Suite 380')|.000|57000|0|0|0|('Suite 380')|empty
1896684377507637948|1496343561|35|58001|1|('Suite 390')|.000|58000|0|0|0|('Suite 390')|empty
1896684377507637948|1496343561|36|56601|1|('Suite 40')|.000|56600|0|0|0|('Suite 40')|empty
1896684377507637948|1496343561|37|56801|1|('Suite 400')|.000|56800|0|0|0|('Suite 400')|empty
1896684377507637948|1496343561|38|54601|1|('Suite 410')|.000|54600|0|0|0|('Suite 410')|empty
1896684377507637948|1496343561|39|60302|1|('Suite 420')|.000|60301|0|0|0|('Suite 420')|empty
1896684377507637948|1496343561|40|60302|1|('Suite 430')|.000|60301|0|0|0|('Suite 430')|empty
1896684377507637948|1496343561|41|59001|1|('Suite 440')|.000|59000|0|0|0|('Suite 440')|empty
1896684377507637948|1496343561|42|59701|1|('Suite 450')|.000|59700|0|0|0|('Suite 450')|empty
1896684377507637948|1496343561|43|53501|1|('Suite 460')|.000|53500|0|0|0|('Suite 460')|empty
1896684377507637948|1496343561|44|61602|1|('Suite 470')|.000|61601|0|0|0|('Suite 470')|empty
1896684377507637948|1496343561|45|57901|1|('Suite 480')|.000|57900|0|0|0|('Suite 480')|empty
1896684377507637948|1496343561|46|56501|1|('Suite 490')|.000|56500|0|0|0|('Suite 490')|empty
1896684377507637948|1496343561|47|60202|1|('Suite 50')|.000|60201|0|0|0|('Suite 50')|empty
1896684377507637948|1496343561|48|62702|1|('Suite 60')|.000|62701|0|0|0|('Suite 60')|empty
1896684377507637948|1496343561|49|55801|1|('Suite 70')|.000|55800|0|0|0|('Suite 70')|empty
1896684377507637948|1496343561|50|55701|1|('Suite 80')|.000|55700|0|0|0|('Suite 80')|empty
1896684377507637948|1496343561|51|55601|1|('Suite 90')|.000|55600|0|0|0|('Suite 90')|empty
1896684377507637948|1496343561|52|109102|1|('Suite A')|.000|109101|0|0|0|('Suite A')|empty
1896684377507637948|1496343561|53|117102|1|('Suite B')|.000|117101|0|0|0|('Suite B')|empty
1896684377507637948|1496343561|54|119602|1|('Suite C')|.000|119601|0|0|0|('Suite C')|empty
1896684377507637948|1496343561|55|114702|1|('Suite D')|.000|114701|0|0|0|('Suite D')|empty
1896684377507637948|1496343561|56|114702|1|('Suite E')|.000|114701|0|0|0|('Suite E')|empty
1896684377507637948|1496343561|57|117002|1|('Suite F')|.000|117001|0|0|0|('Suite F')|empty
1896684377507637948|1496343561|58|111202|1|('Suite G')|.000|111201|0|0|0|('Suite G')|empty
1896684377507637948|1496343561|59|116902|1|('Suite H')|.000|116901|0|0|0|('Suite H')|empty
1896684377507637948|1496343561|60|117801|1|('Suite I')|.000|117801|0|0|0|('Suite I')|empty
1896684377507637948|1496343561|61|121502|1|('Suite J')|.000|121502|0|0|0|('Suite J')|empty
1896684377507637948|1496343561|62|118701|1|('Suite K')|.000|118701|0|0|0|('Suite K')|empty
1896684377507637948|1496343561|63|116901|1|('Suite L')|.000|116901|0|0|0|('Suite L')|empty
1896684377507637948|1496343561|64|117001|1|('Suite M')|.000|117001|0|0|0|('Suite M')|empty
1896684377507637948|1496343561|65|114501|1|('Suite N')|.000|114501|0|0|0|('Suite N')|empty
1896684377507637948|1496343561|66|118101|1|('Suite O')|.000|118101|0|0|0|('Suite O')|empty
1896684377507637948|1496343561|67|115701|1|('Suite P')|.000|115701|0|0|0|('Suite P')|empty
1896684377507637948|1496343561|68|119301|1|('Suite Q')|.000|119301|0|0|0|('Suite Q')|empty
1896684377507637948|1496343561|69|112401|1|('Suite R')|.000|112401|0|0|0|('Suite R')|empty
1896684377507637948|1496343561|70|117601|1|('Suite S')|.000|117601|0|0|0|('Suite S')|empty
1896684377507637948|1496343561|71|117701|1|('Suite T')|.000|117701|0|0|0|('Suite T')|empty
1896684377507637948|1496343561|72|116101|1|('Suite U')|.000|116101|0|0|0|('Suite U')|empty
1896684377507637948|1496343561|73|118301|1|('Suite V')|.000|118301|0|0|0|('Suite V')|empty
1896684377507637948|1496343561|74|117201|1|('Suite W')|.000|117201|0|0|0|('Suite W')|empty
1896684377507637948|1496343561|75|118301|1|('Suite X')|.000|118301|0|0|0|('Suite X')|empty
1896684377507637948|1496343561|76|114301|1|('Suite Y')|.000|114301|0|0|0|('Suite Y')|empty
1896684377507637948|1496343566|0|0|0|('')|.000|0|0|0|0|()|empty
1896684377507637948|1496343566|1|180603|1|('')|.000|180603|0|0|0|('')|empty
1896684377507637948|1496343566|2|291105|1|('Ave')|.000|291104|0|0|0|('Ave')|empty
1896684377507637948|1496343566|3|292305|1|('Avenue')|.000|292304|0|0|0|('Avenue')|empty
1896684377507637948|1496343566|4|284205|1|('Blvd')|.000|284204|0|0|0|('Blvd')|empty
1896684377507637948|1496343566|5|287405|1|('Boulevard')|.000|287404|0|0|0|('Boulevard')|empty
1896684377507637948|1496343566|6|301606|1|('Cir.')|.000|301605|0|0|0|('Cir.')|empty
1896684377507637948|1496343566|7|291205|1|('Circle')|.000|291204|0|0|0|('Circle')|empty
1896684377507637948|1496343566|8|292005|1|('Court')|.000|292004|0|0|0|('Court')|empty
1896684377507637948|1496343566|9|281005|1|('Ct.')|.000|281004|0|0|0|('Ct.')|empty
1896684377507637948|1496343566|10|283505|1|('Dr.')|.000|283504|0|0|0|('Dr.')|empty
1896684377507637948|1496343566|11|296705|1|('Drive')|.000|296704|0|0|0|('Drive')|empty
1896684377507637948|1496343566|12|281705|1|('Lane')|.000|281704|0|0|0|('Lane')|empty
1896684377507637948|1496343566|13|288605|1|('Ln')|.000|288604|0|0|0|('Ln')|empty
1896684377507637948|1496343566|14|294505|1|('Parkway')|.000|294504|0|0|0|('Parkway')|empty
1896684377507637948|1496343566|15|289305|1|('Pkwy')|.000|289304|0|0|0|('Pkwy')|empty
1896684377507637948|1496343566|16|293604|1|('RD')|.000|293604|0|0|0|('RD')|empty
1896684377507637948|1496343566|17|304305|1|('Road')|.000|304305|0|0|0|('Road')|empty
1896684377507637948|1496343566|18|301205|1|('ST')|.000|301205|0|0|0|('ST')|empty
1896684377507637948|1496343566|19|288404|1|('Street')|.000|288404|0|0|0|('Street')|empty
1896684377507637948|1496343566|20|291204|1|('Way')|.000|291204|0|0|0|('Way')|empty
1896684377507637948|1496343566|21|285504|1|('Wy')|.000|285504|0|0|0|('Wy')|empty
1896684377507637948|1496343570|0|0|0|('')|.000|0|0|0|0|()|empty
1896684377507637948|1496343570|1|179390|1|('')|.000|179390|0|0|0|('')|empty
1896684377507637948|1496343570|2|32553|1|('10th')|.000|32552|0|0|0|('10th')|empty
1896684377507637948|1496343570|3|93151|577|('11th Woodland')|22.580|29647|1101|0|0|('11th')|empty
1896684377507637948|1496343570|4|94754|469|('13th Highland')|34.677|29647|25941|0|0|('12th')|empty
1896684377507637948|1496343570|5|94754|927|('15th Locust')|24.407|23037|22636|0|0|('14th')|empty
1896684377507637948|1496343570|6|10117|31|('15th Woodland')|1.831|801|701|0|0|('15th Park')|empty
1896684377507637948|1496343570|7|57193|1|('1st')|.000|57192|0|0|0|('1st')|empty
1896684377507637948|1496343570|8|55090|89|('1st Woodland')|3.557|1802|1702|0|0|('1st Cedar')|empty
1896684377507637948|1496343570|9|69313|1|('2nd')|.000|69312|0|0|0|('2nd')|empty
1896684377507637948|1496343570|10|64505|87|('2nd Woodland')|3.831|1903|1702|0|0|('2nd Park')|empty
1896684377507637948|1496343570|11|59597|1|('3rd')|.000|59596|0|0|0|('3rd')|empty
1896684377507637948|1496343570|12|62802|89|('3rd Woodland')|3.590|1802|1602|0|0|('3rd Park')|empty
1896684377507637948|1496343570|13|58595|1|('4th')|.000|58594|0|0|0|('4th')|empty
1896684377507637948|1496343570|14|58495|91|('4th Woodland')|3.625|1702|1602|0|0|('4th Park')|empty
1896684377507637948|1496343570|15|51083|1|('5th')|.000|51082|0|0|0|('5th')|empty
1896684377507637948|1496343570|16|49981|85|('5th Woodland')|3.071|1402|1402|0|0|('5th Pine')|empty
1896684377507637948|1496343570|17|47277|1|('6th')|.000|47276|0|0|0|('6th')|empty
1896684377507637948|1496343570|18|45674|87|('6th Woodland')|2.873|1302|1201|0|0|('6th 1st')|empty
1896684377507637948|1496343570|19|47177|1|('7th')|.000|47176|0|0|0|('7th')|empty
1896684377507637948|1496343570|20|41768|89|('7th Woodland')|3.035|1702|1402|0|0|('7th 4th')|empty
1896684377507637948|1496343570|21|36560|1|('8th')|.000|36559|0|0|0|('8th')|empty
1896684377507637948|1496343570|22|41868|90|('8th Woodland')|2.915|1302|1101|0|0|('8th 2nd')|empty
1896684377507637948|1496343570|23|34556|1|('9th')|.000|34555|0|0|0|('9th')|empty
1896684377507637948|1496343570|24|87642|439|('Adams Wilson')|20.575|26542|1302|0|0|('Adams')|empty
1896684377507637948|1496343570|25|92750|982|('Birch Woodland')|26.191|24539|22937|0|0|('Ash')|empty
1896684377507637948|1496343570|26|47878|302|('Broadway Woodland')|24.942|22336|801|0|0|('Broadway')|empty
1896684377507637948|1496343570|27|51083|1|('Cedar')|.000|51082|0|0|0|('Cedar')|empty
1896684377507637948|1496343570|28|52686|89|('Cedar Woodland')|3.236|1802|1602|0|0|('Cedar Park')|empty
1896684377507637948|1496343570|29|34456|1|('Center')|.000|34455|0|0|0|('Center')|empty
1896684377507637948|1496343570|30|76324|544|('Central Woodland')|16.197|21134|1201|0|0|('Central')|empty
1896684377507637948|1496343570|31|33354|1|('Cherry')|.000|33353|0|0|0|('Cherry')|empty
1896684377507637948|1496343570|32|92650|578|('Chestnut Woodland')|22.222|28546|1302|0|0|('Chestnut')|empty
1896684377507637948|1496343570|33|37762|1|('Church')|.000|37761|0|0|0|('Church')|empty
1896684377507637948|1496343570|34|80030|440|('College Wilson')|17.546|22336|1502|0|0|('College')|empty
1896684377507637948|1496343570|35|93251|602|('Dogwood Locust')|31.636|27244|24739|0|0|('Davis')|empty
1896684377507637948|1496343570|36|88544|1070|('Eigth Woodland')|22.001|28345|9415|0|0|('East')|empty
1896684377507637948|1496343570|37|11619|382|('Elevnth Washington')|9.355|5909|400|0|0|('Elevnth')|empty
1896684377507637948|1496343570|38|44372|1|('Elm')|.000|44371|0|0|0|('Elm')|empty
1896684377507637948|1496343570|39|94453|373|('Fifth Poplar')|18.454|23437|2403|0|0|('Fifth')|empty
1896684377507637948|1496343570|40|7111|24|('Fifth Woodland')|1.856|801|701|0|0|('Fifth View')|empty
1896684377507637948|1496343570|41|36960|1|('First')|.000|36959|0|0|0|('First')|empty
1896684377507637948|1496343570|42|35658|82|('First Woodland')|2.504|1101|1001|0|0|('First Railroad')|empty
1896684377507637948|1496343570|43|30350|1|('Forest')|.000|30349|0|0|0|('Forest')|empty
1896684377507637948|1496343570|44|93351|1095|('Fourth Woodland')|19.322|27444|2504|0|0|('Fourth')|empty
1896684377507637948|1496343570|45|96857|411|('Green Green')|33.803|27744|25741|0|0|('Green')|empty
1896684377507637948|1496343570|46|73419|513|('Hickory Woodland')|24.068|27845|1001|0|0|('Hickory')|empty
1896684377507637948|1496343570|47|33254|1|('Highland')|.000|33253|0|0|0|('Highland')|empty
1896684377507637948|1496343570|48|30951|91|('Highland Wilson')|2.133|1101|1001|0|0|('Highland Park')|empty
1896684377507637948|1496343570|49|45073|1|('Hill')|.000|45072|0|0|0|('Hill')|empty
1896684377507637948|1496343570|50|90246|325|('Hillcrest Woodland')|16.277|21034|1201|0|0|('Hillcrest')|empty
1896684377507637948|1496343570|51|34957|1|('Jackson')|.000|34956|0|0|0|('Jackson')|empty
1896684377507637948|1496343570|52|31051|84|('Jackson Woodland')|2.287|1101|1001|0|0|('Jackson Jefferson')|empty
1896684377507637948|1496343570|53|32854|1|('Jefferson')|.000|32853|0|0|0|('Jefferson')|empty
1896684377507637948|1496343570|54|85138|665|('Johnson Woodland')|22.643|29347|1101|0|0|('Johnson')|empty
1896684377507637948|1496343570|55|43871|1|('Lake')|.000|43870|0|0|0|('Lake')|empty
1896684377507637948|1496343570|56|89245|394|('Lakeview Woodland')|16.916|21534|2003|0|0|('Lakeview')|empty
1896684377507637948|1496343570|57|95455|656|('Lee Oak')|31.374|27644|24639|0|0|('Laurel')|empty
1896684377507637948|1496343570|58|7812|35|('Lee Woodland')|2.818|1502|500|0|0|('Lee Park')|empty
1896684377507637948|1496343570|59|37260|1|('Lincoln')|.000|37260|0|0|0|('Lincoln')|empty
1896684377507637948|1496343570|60|82333|343|('Locust Woodland')|16.229|20933|1402|0|0|('Locust')|empty
1896684377507637948|1496343570|61|47276|366|('Madison Woodland')|23.454|21634|1402|0|0|('Madison')|empty
1896684377507637948|1496343570|62|65305|1|('Main')|.000|65305|0|0|0|('Main')|empty
1896684377507637948|1496343570|63|70714|92|('Main Woodland')|4.654|2604|2303|0|0|('Main 4th')|empty
1896684377507637948|1496343570|64|55890|1|('Maple')|.000|55890|0|0|0|('Maple')|empty
1896684377507637948|1496343570|65|55589|91|('Maple Woodland')|3.509|1602|1602|0|0|('Maple Elm')|empty
1896684377507637948|1496343570|66|33554|1|('Meadow')|.000|33554|0|0|0|('Meadow')|empty
1896684377507637948|1496343570|67|30248|82|('Meadow Woodland')|2.103|1101|901|0|0|('Meadow Walnut')|empty
1896684377507637948|1496343570|68|34756|1|('Mill')|.000|34756|0|0|0|('Mill')|empty
1896684377507637948|1496343570|69|99360|702|('Ninth Fifth')|17.237|21835|10917|0|0|('Miller')|empty
1896684377507637948|1496343570|70|7612|56|('Ninth Woodland')|1.067|500|400|0|0|('Ninth Washington')|empty
1896684377507637948|1496343570|71|35657|1|('North')|.000|35657|0|0|0|('North')|empty
1896684377507637948|1496343570|72|36759|89|('North Woodland')|2.180|1001|1001|0|0|('North 3rd')|empty
1896684377507637948|1496343570|73|64804|1|('Oak')|.000|64804|0|0|0|('Oak')|empty
1896684377507637948|1496343570|74|63001|89|('Oak Woodland')|3.995|2403|1702|0|0|('Oak Park')|empty
1896684377507637948|1496343570|75|81031|1|('Park')|.000|81031|0|0|0|('Park')|empty
1896684377507637948|1496343570|76|83935|91|('Park Woodland')|4.909|2403|2303|0|0|('Park 2nd')|empty
1896684377507637948|1496343570|77|56190|1|('Pine')|.000|56190|0|0|0|('Pine')|empty
1896684377507637948|1496343570|78|97056|215|('Poplar Ninth')|21.068|24840|1802|0|0|('Poplar')|empty
1896684377507637948|1496343570|79|9014|29|('Poplar Woodland')|2.194|1101|600|0|0|('Poplar Park')|empty
1896684377507637948|1496343570|80|35657|1|('Railroad')|.000|35657|0|0|0|('Railroad')|empty
1896684377507637948|1496343570|81|33253|90|('Railroad Woodland')|2.444|1201|1101|0|0|('Railroad 2nd')|empty
1896684377507637948|1496343570|82|36759|1|('Ridge')|.000|36759|0|0|0|('Ridge')|empty
1896684377507637948|1496343570|83|39363|90|('Ridge Woodland')|2.930|1602|1101|0|0|('Ridge Park')|empty
1896684377507637948|1496343570|84|31851|1|('River')|.000|31851|0|0|0|('River')|empty
1896684377507637948|1496343570|85|31150|88|('River Woodland')|2.502|1502|1101|0|0|('River Park')|empty
1896684377507637948|1496343570|86|38562|1|('Second')|.000|38562|0|0|0|('Second')|empty
1896684377507637948|1496343570|87|109677|760|('Sixth Walnut')|18.227|22536|15424|0|0|('Sixth')|empty
1896684377507637948|1496343570|88|55790|316|('Smith Woodland')|26.454|25541|901|0|0|('Smith')|empty
1896684377507637948|1496343570|89|33353|1|('South')|.000|33353|0|0|0|('South')|empty
1896684377507637948|1496343570|90|30449|92|('South Woodland')|2.303|1001|901|0|0|('South Spruce')|empty
1896684377507637948|1496343570|91|38061|1|('Spring')|.000|38061|0|0|0|('Spring')|empty
1896684377507637948|1496343570|92|91147|476|('Spruce Woodland')|21.367|27544|1302|0|0|('Spruce')|empty
1896684377507637948|1496343570|93|34555|1|('Sunset')|.000|34555|0|0|0|('Sunset')|empty
1896684377507637948|1496343570|94|99160|944|('Tenth Woodland')|18.236|25340|8914|0|0|('Sycamore')|empty
1896684377507637948|1496343570|95|33253|1|('Third')|.000|33253|0|0|0|('Third')|empty
1896684377507637948|1496343570|96|102265|1327|('Valley Woodland')|17.406|26042|4006|0|0|('Valley')|empty
1896684377507637948|1496343570|97|51282|1|('View')|.000|51282|0|0|0|('View')|empty
1896684377507637948|1496343570|98|49279|90|('View Woodland')|3.792|2103|1702|0|0|('View Park')|empty
1896684377507637948|1496343570|99|42368|1|('Walnut')|.000|42368|0|0|0|('Walnut')|empty
1896684377507637948|1496343570|100|41767|86|('Walnut Woodland')|3.009|1903|1201|0|0|('Walnut Main')|empty
1896684377507637948|1496343570|101|46374|1|('Washington')|.000|46374|0|0|0|('Washington')|empty
1896684377507637948|1496343570|102|44872|86|('Washington Woodland')|3.382|1502|1502|0|0|('Washington Jackson')|empty
1896684377507637948|1496343570|103|32252|1|('West')|.000|32252|0|0|0|('West')|empty
1896684377507637948|1496343570|104|85137|601|('Williams Woodland')|20.168|26142|1201|0|0|('Williams')|empty
1896684377507637948|1496343570|105|38061|1|('Willow')|.000|38061|0|0|0|('Willow')|empty
1896684377507637948|1496343570|106|148239|897|('Woodland Woodland')|23.562|28145|25441|0|0|('Wilson')|empty
1896684377507637948|1496343577|0|0|0|('')|.000|0|0|0|0|()|empty
1896684377507637948|1496343577|1|175383|1|('')|.000|175383|0|0|0|('')|empty
1896684377507637948|1496343577|2|90146|16|('111')|7.409|7111|6811|0|0|('111')|empty
1896684377507637948|1496343577|3|93752|16|('126')|3.912|6811|6610|0|0|('115')|empty
1896684377507637948|1496343577|4|91549|16|('140')|7.727|7311|6610|0|0|('131')|empty
1896684377507637948|1496343577|5|93251|16|('155')|6.304|7111|6610|0|0|('153')|empty
1896684377507637948|1496343577|6|92049|16|('17')|7.048|7011|6911|0|0|('165')|empty
1896684377507637948|1496343577|7|91849|16|('184')|7.419|7411|7011|0|0|('171')|empty
1896684377507637948|1496343577|8|94553|16|('199')|5.556|7011|6811|0|0|('187')|empty
1896684377507637948|1496343577|9|94053|17|('213')|8.906|6710|6610|0|0|('202')|empty
1896684377507637948|1496343577|10|94453|16|('228')|5.706|7111|6811|0|0|('227')|empty
1896684377507637948|1496343577|11|91849|16|('242')|4.601|6911|6410|0|0|('238')|empty
1896684377507637948|1496343577|12|94053|16|('257')|6.174|7311|6811|0|0|('250')|empty
1896684377507637948|1496343577|13|91749|17|('272')|8.717|7812|6410|0|0|('267')|empty
1896684377507637948|1496343577|14|91448|16|('287')|4.435|6710|6410|0|0|('280')|empty
1896684377507637948|1496343577|15|91348|15|('30')|5.649|7411|7211|0|0|('299')|empty
1896684377507637948|1496343577|16|93151|16|('314')|7.042|7612|6911|0|0|('313')|empty
1896684377507637948|1496343577|17|89545|15|('328')|7.286|7411|6911|0|0|('324')|empty
1896684377507637948|1496343577|18|94253|15|('341')|7.498|7512|7411|0|0|('333')|empty
1896684377507637948|1496343577|19|94053|16|('356')|6.661|6911|6610|0|0|('356')|empty
1896684377507637948|1496343577|20|95755|16|('370')|4.482|6811|6710|0|0|('364')|empty
1896684377507637948|1496343577|21|94253|16|('385')|6.003|7311|7311|0|0|('372')|empty
1896684377507637948|1496343577|22|90246|15|('399')|7.008|7512|6911|0|0|('394')|empty
1896684377507637948|1496343577|23|92450|15|('411')|8.681|8613|6911|0|0|('407')|empty
1896684377507637948|1496343577|24|95254|16|('426')|7.428|8113|7011|0|0|('422')|empty
1896684377507637948|1496343577|25|95855|16|('440')|4.641|7011|6811|0|0|('431')|empty
1896684377507637948|1496343577|26|91649|16|('455')|5.533|6410|6410|0|0|('442')|empty
1896684377507637948|1496343577|27|90547|15|('469')|5.635|7111|6911|0|0|('468')|empty
1896684377507637948|1496343577|28|94453|16|('483')|7.258|7011|6811|0|0|('47')|empty
1896684377507637948|1496343577|29|95555|17|('499')|7.621|7111|6610|0|0|('499')|empty
1896684377507637948|1496343577|30|94654|15|('511')|8.326|8714|7111|0|0|('508')|empty
1896684377507637948|1496343577|31|96657|17|('527')|6.133|7211|6811|0|0|('516')|empty
1896684377507637948|1496343577|32|97558|17|('542')|6.837|6911|6710|0|0|('536')|empty
1896684377507637948|1496343577|33|93351|16|('557')|8.398|8313|7512|0|0|('551')|empty
1896684377507637948|1496343577|34|92750|16|('571')|8.015|7311|7011|0|0|('563')|empty
1896684377507637948|1496343577|35|97258|16|('586')|4.911|7211|7011|0|0|('581')|empty
1896684377507637948|1496343577|36|95955|17|('600')|6.376|7111|6610|0|0|('6')|empty
1896684377507637948|1496343577|37|97357|17|('616')|5.604|7111|6811|0|0|('603')|empty
1896684377507637948|1496343577|38|91247|16|('630')|4.264|6811|6410|0|0|('629')|empty
1896684377507637948|1496343577|39|95253|17|('646')|7.066|7411|6811|0|0|('631')|empty
1896684377507637948|1496343577|40|95654|17|('661')|8.274|7211|7011|0|0|('657')|empty
1896684377507637948|1496343577|41|95053|16|('676')|8.057|7211|7111|0|0|('666')|empty
1896684377507637948|1496343577|42|98859|18|('692')|7.567|7512|6610|0|0|('677')|empty
1896684377507637948|1496343577|43|96355|16|('706')|7.686|7311|6911|0|0|('701')|empty
1896684377507637948|1496343577|44|96355|17|('721')|8.047|6710|6410|0|0|('707')|empty
1896684377507637948|1496343577|45|96455|17|('737')|4.617|6510|6410|0|0|('729')|empty
1896684377507637948|1496343577|46|95854|16|('751')|6.357|7011|6911|0|0|('745')|empty
1896684377507637948|1496343577|47|98859|17|('767')|5.405|6911|6410|0|0|('759')|empty
1896684377507637948|1496343577|48|97457|16|('781')|8.369|7812|6911|0|0|('773')|empty
1896684377507637948|1496343577|49|94352|16|('796')|7.339|7211|6911|0|0|('794')|empty
1896684377507637948|1496343577|50|99661|17|('810')|6.412|7011|6710|0|0|('800')|empty
1896684377507637948|1496343577|51|96556|17|('826')|6.078|6510|6310|0|0|('823')|empty
1896684377507637948|1496343577|52|98859|16|('840')|7.132|7411|7311|0|0|('834')|empty
1896684377507637948|1496343577|53|96656|17|('856')|5.255|6510|6410|0|0|('852')|empty
1896684377507637948|1496343577|54|100362|17|('871')|8.242|8714|6510|0|0|('857')|empty
1896684377507637948|1496343577|55|97557|16|('886')|9.307|7812|7712|0|0|('877')|empty
1896684377507637948|1496343577|56|100662|18|('901')|5.511|6410|6310|0|0|('889')|empty
1896684377507637948|1496343577|57|99260|18|('918')|7.574|7011|6811|0|0|('910')|empty
1896684377507637948|1496343577|58|101664|18|('934')|8.709|8113|6710|0|0|('932')|empty
1896684377507637948|1496343577|59|98158|16|('949')|6.625|7612|7211|0|0|('949')|empty
1896684377507637948|1496343577|60|102165|18|('965')|5.102|6710|6310|0|0|('965')|empty
1896684377507637948|1496343577|61|104869|18|('981')|6.298|8113|6710|0|0|('976')|empty
1896684377507637948|1496343577|62|107774|19|('999')|6.947|6911|6710|0|0|('993')|empty
1896684377507637948|1496343581|0|0|0|('AAAAAAAAAAAALDAA')|.000|0|0|0|0|()|empty
1896684377507637948|1496343581|1|96701|96701|('AAAAAAAAAEBALEAA')|.000|1|1|0|0|('AAAAAAAAAAAALDAA')|empty
1896684377507637948|1496343581|2|96702|96702|('AAAAAAAAAIAJCEAA')|.000|1|1|0|0|('AAAAAAAAAEBBFEAA')|empty
1896684377507637948|1496343581|3|96702|96702|('AAAAAAAAAMCOJEAA')|.000|1|1|0|0|('AAAAAAAAAIAJJDAA')|empty
1896684377507637948|1496343581|4|96702|96702|('AAAAAAAABACPEBAA')|.000|1|1|0|0|('AAAAAAAAAMCPIFAA')|empty
1896684377507637948|1496343581|5|96702|96702|('AAAAAAAABECMIBAA')|.000|1|1|0|0|('AAAAAAAABACPKDAA')|empty
1896684377507637948|1496343581|6|96702|96702|('AAAAAAAABICNFFAA')|.000|1|1|0|0|('AAAAAAAABECOFFAA')|empty
1896684377507637948|1496343581|7|96702|96702|('AAAAAAAABMFBAAAA')|.000|1|1|0|0|('AAAAAAAABIDABCAA')|empty
1896684377507637948|1496343581|8|96702|96702|('AAAAAAAACACGFFAA')|.000|1|1|0|0|('AAAAAAAABMFCBFAA')|empty
1896684377507637948|1496343581|9|96702|96702|('AAAAAAAACEFGEBAA')|.000|1|1|0|0|('AAAAAAAACACIEEAA')|empty
1896684377507637948|1496343581|10|96702|96702|('AAAAAAAACIHPEBAA')|.000|1|1|0|0|('AAAAAAAACEFGOCAA')|empty
1896684377507637948|1496343581|11|96702|96702|('AAAAAAAACMGFCCAA')|.000|1|1|0|0|('AAAAAAAACIIABCAA')|empty
1896684377507637948|1496343581|12|96702|96702|('AAAAAAAADAHMBAAA')|.000|1|1|0|0|('AAAAAAAACMGKKAAA')|empty
1896684377507637948|1496343581|13|96702|96702|('AAAAAAAADEJLPCAA')|.000|1|1|0|0|('AAAAAAAADAHMHEAA')|empty
1896684377507637948|1496343581|14|96702|96702|('AAAAAAAADIIIIAAA')|.000|1|1|0|0|('AAAAAAAADEJMAFAA')|empty
1896684377507637948|1496343581|15|96702|96702|('AAAAAAAADMMHNAAA')|.000|1|1|0|0|('AAAAAAAADIIJABAA')|empty
1896684377507637948|1496343581|16|96702|96702|('AAAAAAAAEAMJFAAA')|.000|1|1|0|0|('AAAAAAAADMMJNBAA')|empty
1896684377507637948|1496343581|17|96702|96702|('AAAAAAAAEEJOPBAA')|.000|1|1|0|0|('AAAAAAAAEANDABAA')|empty
1896684377507637948|1496343581|18|96802|96802|('AAAAAAAAEINHHDAA')|.000|1|1|0|0|('AAAAAAAAEEJPBAAA')|empty
1896684377507637948|1496343581|19|96802|96802|('AAAAAAAAEMKHHCAA')|.000|1|1|0|0|('AAAAAAAAEINJDCAA')|empty
1896684377507637948|1496343581|20|96802|96802|('AAAAAAAAFALPGDAA')|.000|1|1|0|0|('AAAAAAAAEMKIECAA')|empty
1896684377507637948|1496343581|21|96802|96802|('AAAAAAAAFELHEFAA')|.000|1|1|0|0|('AAAAAAAAFAMCNBAA')|empty
1896684377507637948|1496343581|22|96802|96802|('AAAAAAAAFIODLFAA')|.000|1|1|0|0|('AAAAAAAAFELKNAAA')|empty
1896684377507637948|1496343581|23|96802|96802|('AAAAAAAAFNAABDAA')|.000|1|1|0|0|('AAAAAAAAFIOGLCAA')|empty
1896684377507637948|1496343581|24|96802|96802|('AAAAAAAAGBCENDAA')|.000|1|1|0|0|('AAAAAAAAFNABJEAA')|empty
1896684377507637948|1496343581|25|96802|96802|('AAAAAAAAGFCDLEAA')|.000|1|1|0|0|('AAAAAAAAGBCEPAAA')|empty
1896684377507637948|1496343581|26|96802|96802|('AAAAAAAAGJDIBAAA')|.000|1|1|0|0|('AAAAAAAAGFCEHBAA')|empty
1896684377507637948|1496343581|27|96802|96802|('AAAAAAAAGNHKFAAA')|.000|1|1|0|0|('AAAAAAAAGJDJLCAA')|empty
1896684377507637948|1496343581|28|96802|96802|('AAAAAAAAHBKKDCAA')|.000|1|1|0|0|('AAAAAAAAGNHLCAAA')|empty
1896684377507637948|1496343581|29|96802|96802|('AAAAAAAAHFMLCAAA')|.000|1|1|0|0|('AAAAAAAAHBKKIBAA')|empty
1896684377507637948|1496343581|30|96802|96802|('AAAAAAAAHJODJEAA')|.000|1|1|0|0|('AAAAAAAAHFMMHCAA')|empty
1896684377507637948|1496343581|31|96802|96802|('AAAAAAAAHODCEEAA')|.000|1|1|0|0|('AAAAAAAAHJODPEAA')|empty
1896684377507637948|1496343581|32|96802|96802|('AAAAAAAAICDJBEAA')|.000|1|1|0|0|('AAAAAAAAHODCIEAA')|empty
1896684377507637948|1496343581|33|96802|96802|('AAAAAAAAIGKFKEAA')|.000|1|1|0|0|('AAAAAAAAICDJIAAA')|empty
1896684377507637948|1496343581|34|96802|96802|('AAAAAAAAIKNPPEAA')|.000|1|1|0|0|('AAAAAAAAIGKJABAA')|empty
1896684377507637948|1496343581|35|96802|96802|('AAAAAAAAIPACBFAA')|.000|1|1|0|0|('AAAAAAAAIKOBJCAA')|empty
1896684377507637948|1496343581|36|96802|96802|('AAAAAAAAJDDBAFAA')|.000|1|1|0|0|('AAAAAAAAIPADBEAA')|empty
1896684377507637948|1496343581|37|96802|96802|('AAAAAAAAJHHECBAA')|.000|1|1|0|0|('AAAAAAAAJDDCCFAA')|empty
1896684377507637948|1496343581|38|96802|96802|('AAAAAAAAJLJPODAA')|.000|1|1|0|0|('AAAAAAAAJHHFDCAA')|empty
1896684377507637948|1496343581|39|96802|96802|('AAAAAAAAJPOOFDAA')|.000|1|1|0|0|('AAAAAAAAJLKADCAA')|empty
1896684377507637948|1496343581|40|96801|96801|('AAAAAAAAKEDKHAAA')|.000|1|1|0|0|('AAAAAAAAJPOPLBAA')|empty
1896684377507637948|1496343581|41|96801|96801|('AAAAAAAAKIHIAEAA')|.000|1|1|0|0|('AAAAAAAAKEDMBFAA')|empty
1896684377507637948|1496343581|42|96801|96801|('AAAAAAAAKMKONAAA')|.000|1|1|0|0|('AAAAAAAAKIHKGFAA')|empty
1896684377507637948|1496343581|43|96801|96801|('AAAAAAAALANLEDAA')|.000|1|1|0|0|('AAAAAAAAKMKPJCAA')|empty
1896684377507637948|1496343581|44|96801|96801|('AAAAAAAALFAEDAAA')|.000|1|1|0|0|('AAAAAAAALANNIAAA')|empty
1896684377507637948|1496343581|45|96801|96801|('AAAAAAAALJDADEAA')|.000|1|1|0|0|('AAAAAAAALFAEGFAA')|empty
1896684377507637948|1496343581|46|96801|96801|('AAAAAAAALNGNOCAA')|.000|1|1|0|0|('AAAAAAAALJDCDCAA')|empty
1896684377507637948|1496343581|47|96801|96801|('AAAAAAAAMBKJKCAA')|.000|1|1|0|0|('AAAAAAAALNGOKEAA')|empty
1896684377507637948|1496343581|48|96801|96801|('AAAAAAAAMFLLKCAA')|.000|1|1|0|0|('AAAAAAAAMBKLDFAA')|empty
1896684377507637948|1496343581|49|96801|96801|('AAAAAAAAMKAMIAAA')|.000|1|1|0|0|('AAAAAAAAMFLMKFAA')|empty
1896684377507637948|1496343581|50|96801|96801|('AAAAAAAAMOCJMEAA')|.000|1|1|0|0|('AAAAAAAAMKAMODAA')|empty
1896684377507637948|1496343581|51|96801|96801|('AAAAAAAANCFLPEAA')|.000|1|1|0|0|('AAAAAAAAMOCLEEAA')|empty
1896684377507637948|1496343581|52|96801|96801|('AAAAAAAANGICFAAA')|.000|1|1|0|0|('AAAAAAAANCFNJFAA')|empty
1896684377507637948|1496343581|53|96801|96801|('AAAAAAAANKLEIFAA')|.000|1|1|0|0|('AAAAAAAANGIFAEAA')|empty
1896684377507637948|1496343581|54|96801|96801|('AAAAAAAANPAENDAA')|.000|1|1|0|0|('AAAAAAAANKLFLFAA')|empty
1896684377507637948|1496343581|55|96801|96801|('AAAAAAAAODEMKEAA')|.000|1|1|0|0|('AAAAAAAANPAGJFAA')|empty
1896684377507637948|1496343581|56|96801|96801|('AAAAAAAAOHHEMDAA')|.000|1|1|0|0|('AAAAAAAAODEMMAAA')|empty
1896684377507637948|1496343581|57|96801|96801|('AAAAAAAAOLJKNCAA')|.000|1|1|0|0|('AAAAAAAAOHHGHBAA')|empty
1896684377507637948|1496343581|58|96801|96801|('AAAAAAAAOPKDCBAA')|.000|1|1|0|0|('AAAAAAAAOLJLHBAA')|empty
1896684377507637948|1496343581|59|96801|96801|('AAAAAAAAPDODEFAA')|.000|1|1|0|0|('AAAAAAAAOPKDODAA')|empty
1896684377507637948|1496343581|60|96801|96801|('AAAAAAAAPIAIBEAA')|.000|1|1|0|0|('AAAAAAAAPDODLBAA')|empty
1896684377507637948|1496343581|61|96801|96801|('AAAAAAAAPMBDAFAA')|.000|1|1|0|0|('AAAAAAAAPIAIICAA')|empty
1896684377507637948|1496343581|62|96801|96801|('AAAAAAAAPPPPMDAA')|.000|1|1|0|0|('AAAAAAAAPMBEEFAA')|empty
1896684377507637948|1496343586|0|0|0|(313)|.000|0|0|0|0|()|empty
1896684377507637948|1496343586|1|51308|51308|(50858)|.000|1|1|0|0|(313)|empty
1896684377507637948|1496343586|2|75213|75213|(121856)|.000|1|0|0|0|(121856)|empty
1896684377507637948|1496343586|3|84815|84815|(207964)|.000|1|0|0|0|(207964)|empty
1896684377507637948|1496343586|4|95816|95816|(312059)|.000|1|0|0|0|(312059)|empty
1896684377507637948|1496343586|5|60611|60611|(373376)|.000|1|0|0|0|(373376)|empty
1896684377507637948|1496343586|6|137323|137323|(513132)|.000|1|1|0|0|(373510)|empty
1896684377507637948|1496343586|7|59210|59210|(569666)|.000|1|0|0|0|(569666)|empty
1896684377507637948|1496343586|8|91316|91316|(661090)|.000|1|0|0|0|(661090)|empty
1896684377507637948|1496343586|9|137023|137023|(795622)|.000|1|1|0|0|(661224)|empty
1896684377507637948|1496343586|10|137023|137023|(923459)|.000|1|1|0|0|(795657)|empty
1896684377507637948|1496343586|11|98617|98617|(1020742)|.000|1|0|0|0|(1020742)|empty
1896684377507637948|1496343586|12|138024|138024|(1156575)|.000|1|1|0|0|(1020809)|empty
1896684377507637948|1496343586|13|138024|138024|(1294239)|.000|1|1|0|0|(1156833)|empty
1896684377507637948|1496343586|14|9701|9701|(1305587)|.000|1|0|0|0|(1305587)|empty
1896684377507637948|1496343586|15|146425|146425|(1456368)|.000|1|1|0|0|(1305742)|empty
1896684377507637948|1496343586|16|146425|146425|(1603384)|.000|1|1|0|0|(1456668)|empty
1896684377507637948|1496343586|17|146425|146425|(1746958)|.000|1|1|0|0|(1603473)|empty
1896684377507637948|1496343586|18|146425|146425|(1898150)|.000|1|1|0|0|(1747209)|empty
1896684377507637948|1496343586|19|129722|129722|(2028277)|.000|1|1|0|0|(1898304)|empty
1896684377507637948|1496343586|20|100|100|(2029137)|.000|1|0|0|0|(2029137)|empty
1896684377507637948|1496343586|21|152626|152626|(2182874)|.000|1|1|0|0|(2029189)|empty
1896684377507637948|1496343586|22|53809|53809|(2238741)|.000|1|1|0|0|(2182968)|empty
1896684377507637948|1496343586|23|100|100|(2239792)|.000|1|0|0|0|(2239792)|empty
1896684377507637948|1496343586|24|163627|163627|(2411237)|.000|1|1|0|0|(2239845)|empty
1896684377507637948|1496343586|25|163627|163627|(2575999)|.000|1|1|0|0|(2411410)|empty
1896684377507637948|1496343586|26|71711|71711|(2651747)|.000|1|0|0|0|(2651747)|empty
1896684377507637948|1496343586|27|177029|177029|(2816968)|.000|1|1|0|0|(2651752)|empty
1896684377507637948|1496343586|28|177029|177029|(2997677)|.000|1|1|0|0|(2817008)|empty
1896684377507637948|1496343586|29|97116|97116|(3093886)|.000|1|1|0|0|(2997684)|empty
1896684377507637948|1496343586|30|100|100|(3094966)|.000|1|0|0|0|(3094966)|empty
1896684377507637948|1496343586|31|194232|194232|(3288909)|.000|1|1|0|0|(3095042)|empty
1896684377507637948|1496343586|32|194232|194232|(3480107)|.000|1|1|0|0|(3289032)|empty
1896684377507637948|1496343586|33|194232|194232|(3674797)|.000|1|1|0|0|(3480326)|empty
1896684377507637948|1496343586|34|4300|4300|(3680834)|.000|1|0|0|0|(3680834)|empty
1896684377507637948|1496343586|35|232638|232638|(3911956)|.000|1|1|0|0|(3680986)|empty
1896684377507637948|1496343586|36|160526|160526|(4066702)|.000|1|1|0|0|(3912170)|empty
1896684377507637948|1496343586|37|100|100|(4067581)|.000|1|0|0|0|(4067581)|empty
1896684377507637948|1496343586|38|276146|276146|(4337497)|.000|1|1|0|0|(4067657)|empty
1896684377507637948|1496343586|39|276146|276146|(4617658)|.000|1|1|0|0|(4337595)|empty
1896684377507637948|1496343586|40|267444|267444|(4881767)|.000|1|1|0|0|(4617737)|empty
1896684377507637948|1496343586|41|100|100|(4882845)|.000|1|0|0|0|(4882845)|empty
1896684377507637948|1496343586|42|208434|208434|(5088158)|.000|1|1|0|0|(4882892)|empty
1896684377507637948|1496343586|43|100|100|(5089141)|.000|1|0|0|0|(5089141)|empty
1896684377507637948|1496343586|44|783430|783430|(5874093)|.000|1|1|0|0|(5089470)|empty
1896684377507637948|1496343586|45|100|100|(5875132)|.000|1|0|0|0|(5875132)|empty
1896684377507637948|1496343586|46|121520|121520|(5999932)|.000|1|1|0|0|(5875136)|empty
1896684377507637948|1496343591|0|0|0|('','','')|.000|0|0|0|0|()|empty
1896684377507637948|1496343591|1|6000000|4336|('United States','WY','Ziebach County')|12.273|44536|42630|0|0|('United States','','')|empty
1896684377507637948|1496343596|0|0|0|('','')|.000|0|0|0|0|()|empty
1896684377507637948|1496343596|1|6000000|3792|('WY','Ziebach County')|15.965|88001|6600|0|0|('','')|empty
1896684377507637948|1496343601|0|0|0|('','')|.000|0|0|0|0|()|empty
1896684377507637948|1496343601|1|6000000|11015|('99981','WY')|11.280|95266|7778|0|0|('','')|empty
1896684377507637948|1496343606|0|0|0|('','','','')|.000|0|0|0|0|()|empty
1896684377507637948|1496343606|1|6000000|59467|('99920','Zion','Woodland Woodland','999')|.883|21634|500|0|0|('','','','')|empty
1896684377507637948|1496343610|0|0|0|('',313)|.000|0|0|0|0|()|empty
1896684377507637948|1496343610|1|6000000|6000000|('Zion',5999932)|.000|1|1|0|0|('',1021)|empty
1896684377507637948|1496343616|0|0|0|('','')|.000|0|0|0|0|()|empty
1896684377507637948|1496343616|1|6000000|104|('United States','WY')|813.789|463907|297004|0|0|('United States','TX')|empty
