1896684377507638938|803007867|0|0|0|('2mM8l')|.000|0|0|0|0|()|empty
1896684377507638938|803007867|1|1|1|('2mM8l')|.000|1|0|0|0|('2mM8l')|empty
1896684377507638938|803007867|2|1|1|('5FKNB0j8aaqTB')|.000|1|0|0|0|('5FKNB0j8aaqTB')|empty
1896684377507638938|803007867|3|1|1|('6Hzzp4JkzjqD8MGXLCDa')|.000|1|0|0|0|('6Hzzp4JkzjqD8MGXLCDa')|empty
1896684377507638938|803007867|4|1|1|('A5BYO1qH8HGTTN')|.000|1|0|0|0|('A5BYO1qH8HGTTN')|empty
1896684377507638938|803007867|5|1|1|('Ek')|.000|1|0|0|0|('Ek')|empty
1896684377507638938|803007867|6|1|1|('GNJr3g5i7oorKqtX')|.000|1|0|0|0|('GNJr3g5i7oorKqtX')|empty
1896684377507638938|803007867|7|1|1|('HVDFCcQ')|.000|1|0|0|0|('HVDFCcQ')|empty
1896684377507638938|803007867|8|1|1|('I3uCelXtjP')|.000|1|0|0|0|('I3uCelXtjP')|empty
1896684377507638938|803007867|9|1|1|('O9V6oF8RJnLMmZYd1')|.000|1|0|0|0|('O9V6oF8RJnLMmZYd1')|empty
1896684377507638938|803007867|10|1|1|('OrDuVy2H')|.000|1|0|0|0|('OrDuVy2H')|empty
1896684377507638938|803007867|11|1|1|('P7FBIt8yd')|.000|1|0|0|0|('P7FBIt8yd')|empty
1896684377507638938|803007867|12|1|1|('UaAJjKDnL4gTOqbpj')|.000|1|0|0|0|('UaAJjKDnL4gTOqbpj')|empty
1896684377507638938|803007867|13|1|1|('Xjy3ZPuiDjzHlRx14Z3')|.000|1|0|0|0|('Xjy3ZPuiDjzHlRx14Z3')|empty
1896684377507638938|803007867|14|1|1|('YvxVaJI10')|.000|1|0|0|0|('YvxVaJI10')|empty
1896684377507638938|803007867|15|1|1|('fop0bcSd91J26IVpR')|.000|1|0|0|0|('fop0bcSd91J26IVpR')|empty
1896684377507638938|803007867|16|1|1|('hGoF18SLDDPBj')|.000|1|0|0|0|('hGoF18SLDDPBj')|empty
1896684377507638938|803007867|17|1|1|('ldhM8IvpzHgdbBgDfI')|.000|1|0|0|0|('ldhM8IvpzHgdbBgDfI')|empty
1896684377507638938|803007867|18|1|1|('qENFQ')|.000|1|0|0|0|('qENFQ')|empty
1896684377507638938|803007867|19|1|1|('uukTktPYycct8')|.000|1|0|0|0|('uukTktPYycct8')|empty
1896684377507638938|803007867|20|1|1|('yVfotg7Tio3MVhBg6Bkn')|.000|1|0|0|0|('yVfotg7Tio3MVhBg6Bkn')|empty
1896684377507638938|803007872|0|0|0|('AIRBORNE')|.000|0|0|0|0|()|empty
1896684377507638938|803007872|1|1|1|('AIRBORNE')|.000|1|0|0|0|('AIRBORNE')|empty
1896684377507638938|803007872|2|1|1|('ALLIANCE')|.000|1|0|0|0|('ALLIANCE')|empty
1896684377507638938|803007872|3|1|1|('BARIAN')|.000|1|0|0|0|('BARIAN')|empty
1896684377507638938|803007872|4|1|1|('BOXBUNDLES')|.000|1|0|0|0|('BOXBUNDLES')|empty
1896684377507638938|803007872|5|1|1|('DHL')|.000|1|0|0|0|('DHL')|empty
1896684377507638938|803007872|6|1|1|('DIAMOND')|.000|1|0|0|0|('DIAMOND')|empty
1896684377507638938|803007872|7|1|1|('FEDEX')|.000|1|0|0|0|('FEDEX')|empty
1896684377507638938|803007872|8|1|1|('GERMA')|.000|1|0|0|0|('GERMA')|empty
1896684377507638938|803007872|9|1|1|('GREAT EASTERN')|.000|1|0|0|0|('GREAT EASTERN')|empty
1896684377507638938|803007872|10|1|1|('HARMSTORF')|.000|1|0|0|0|('HARMSTORF')|empty
1896684377507638938|803007872|11|1|1|('LATVIAN')|.000|1|0|0|0|('LATVIAN')|empty
1896684377507638938|803007872|12|1|1|('MSC')|.000|1|0|0|0|('MSC')|empty
1896684377507638938|803007872|13|1|1|('ORIENTAL')|.000|1|0|0|0|('ORIENTAL')|empty
1896684377507638938|803007872|14|1|1|('PRIVATECARRIER')|.000|1|0|0|0|('PRIVATECARRIER')|empty
1896684377507638938|803007872|15|1|1|('RUPEKSA')|.000|1|0|0|0|('RUPEKSA')|empty
1896684377507638938|803007872|16|1|1|('TBS')|.000|1|0|0|0|('TBS')|empty
1896684377507638938|803007872|17|1|1|('UPS')|.000|1|0|0|0|('UPS')|empty
1896684377507638938|803007872|18|1|1|('USPS')|.000|1|0|0|0|('USPS')|empty
1896684377507638938|803007872|19|1|1|('ZHOU')|.000|1|0|0|0|('ZHOU')|empty
1896684377507638938|803007872|20|1|1|('ZOUROS')|.000|1|0|0|0|('ZOUROS')|empty
1896684377507638938|803007877|0|0|0|('AIR')|.000|0|0|0|0|()|empty
1896684377507638938|803007877|1|5|1|('AIR')|.000|5|0|0|0|('AIR')|empty
1896684377507638938|803007877|2|3|1|('BIKE')|.000|3|0|0|0|('BIKE')|empty
1896684377507638938|803007877|3|6|1|('SEA')|.000|6|0|0|0|('SEA')|empty
1896684377507638938|803007877|4|6|1|('SURFACE')|.000|6|0|0|0|('SURFACE')|empty
1896684377507638938|803007882|0|0|0|('EXPRESS')|.000|0|0|0|0|()|empty
1896684377507638938|803007882|1|4|1|('EXPRESS')|.000|4|0|0|0|('EXPRESS')|empty
1896684377507638938|803007882|2|3|1|('LIBRARY')|.000|3|0|0|0|('LIBRARY')|empty
1896684377507638938|803007882|3|4|1|('NEXT DAY')|.000|4|0|0|0|('NEXT DAY')|empty
1896684377507638938|803007882|4|3|1|('OVERNIGHT')|.000|3|0|0|0|('OVERNIGHT')|empty
1896684377507638938|803007882|5|3|1|('REGULAR')|.000|3|0|0|0|('REGULAR')|empty
1896684377507638938|803007882|6|3|1|('TWO DAY')|.000|3|0|0|0|('TWO DAY')|empty
1896684377507638938|803007887|0|0|0|('AAAAAAAAABAAAAAA')|.000|0|0|0|0|()|empty
1896684377507638938|803007887|1|1|1|('AAAAAAAAABAAAAAA')|.000|1|0|0|0|('AAAAAAAAABAAAAAA')|empty
1896684377507638938|803007887|2|1|1|('AAAAAAAABAAAAAAA')|.000|1|0|0|0|('AAAAAAAABAAAAAAA')|empty
1896684377507638938|803007887|3|1|1|('AAAAAAAABBAAAAAA')|.000|1|0|0|0|('AAAAAAAABBAAAAAA')|empty
1896684377507638938|803007887|4|1|1|('AAAAAAAACAAAAAAA')|.000|1|0|0|0|('AAAAAAAACAAAAAAA')|empty
1896684377507638938|803007887|5|1|1|('AAAAAAAACBAAAAAA')|.000|1|0|0|0|('AAAAAAAACBAAAAAA')|empty
1896684377507638938|803007887|6|1|1|('AAAAAAAADAAAAAAA')|.000|1|0|0|0|('AAAAAAAADAAAAAAA')|empty
1896684377507638938|803007887|7|1|1|('AAAAAAAADBAAAAAA')|.000|1|0|0|0|('AAAAAAAADBAAAAAA')|empty
1896684377507638938|803007887|8|1|1|('AAAAAAAAEAAAAAAA')|.000|1|0|0|0|('AAAAAAAAEAAAAAAA')|empty
1896684377507638938|803007887|9|1|1|('AAAAAAAAEBAAAAAA')|.000|1|0|0|0|('AAAAAAAAEBAAAAAA')|empty
1896684377507638938|803007887|10|1|1|('AAAAAAAAFAAAAAAA')|.000|1|0|0|0|('AAAAAAAAFAAAAAAA')|empty
1896684377507638938|803007887|11|1|1|('AAAAAAAAGAAAAAAA')|.000|1|0|0|0|('AAAAAAAAGAAAAAAA')|empty
1896684377507638938|803007887|12|1|1|('AAAAAAAAHAAAAAAA')|.000|1|0|0|0|('AAAAAAAAHAAAAAAA')|empty
1896684377507638938|803007887|13|1|1|('AAAAAAAAIAAAAAAA')|.000|1|0|0|0|('AAAAAAAAIAAAAAAA')|empty
1896684377507638938|803007887|14|1|1|('AAAAAAAAJAAAAAAA')|.000|1|0|0|0|('AAAAAAAAJAAAAAAA')|empty
1896684377507638938|803007887|15|1|1|('AAAAAAAAKAAAAAAA')|.000|1|0|0|0|('AAAAAAAAKAAAAAAA')|empty
1896684377507638938|803007887|16|1|1|('AAAAAAAALAAAAAAA')|.000|1|0|0|0|('AAAAAAAALAAAAAAA')|empty
1896684377507638938|803007887|17|1|1|('AAAAAAAAMAAAAAAA')|.000|1|0|0|0|('AAAAAAAAMAAAAAAA')|empty
1896684377507638938|803007887|18|1|1|('AAAAAAAANAAAAAAA')|.000|1|0|0|0|('AAAAAAAANAAAAAAA')|empty
1896684377507638938|803007887|19|1|1|('AAAAAAAAOAAAAAAA')|.000|1|0|0|0|('AAAAAAAAOAAAAAAA')|empty
1896684377507638938|803007887|20|1|1|('AAAAAAAAPAAAAAAA')|.000|1|0|0|0|('AAAAAAAAPAAAAAAA')|empty
1896684377507638938|803007892|0|0|0|(1)|.000|0|0|0|0|()|empty
1896684377507638938|803007892|1|1|1|(1)|.000|1|0|0|0|(1)|empty
1896684377507638938|803007892|2|1|1|(2)|.000|1|0|0|0|(2)|empty
1896684377507638938|803007892|3|1|1|(3)|.000|1|0|0|0|(3)|empty
1896684377507638938|803007892|4|1|1|(4)|.000|1|0|0|0|(4)|empty
1896684377507638938|803007892|5|1|1|(5)|.000|1|0|0|0|(5)|empty
1896684377507638938|803007892|6|1|1|(6)|.000|1|0|0|0|(6)|empty
1896684377507638938|803007892|7|1|1|(7)|.000|1|0|0|0|(7)|empty
1896684377507638938|803007892|8|1|1|(8)|.000|1|0|0|0|(8)|empty
1896684377507638938|803007892|9|1|1|(9)|.000|1|0|0|0|(9)|empty
1896684377507638938|803007892|10|1|1|(10)|.000|1|0|0|0|(10)|empty
1896684377507638938|803007892|11|1|1|(11)|.000|1|0|0|0|(11)|empty
1896684377507638938|803007892|12|1|1|(12)|.000|1|0|0|0|(12)|empty
1896684377507638938|803007892|13|1|1|(13)|.000|1|0|0|0|(13)|empty
1896684377507638938|803007892|14|1|1|(14)|.000|1|0|0|0|(14)|empty
1896684377507638938|803007892|15|1|1|(15)|.000|1|0|0|0|(15)|empty
1896684377507638938|803007892|16|1|1|(16)|.000|1|0|0|0|(16)|empty
1896684377507638938|803007892|17|1|1|(17)|.000|1|0|0|0|(17)|empty
1896684377507638938|803007892|18|1|1|(18)|.000|1|0|0|0|(18)|empty
1896684377507638938|803007892|19|1|1|(19)|.000|1|0|0|0|(19)|empty
1896684377507638938|803007892|20|1|1|(20)|.000|1|0|0|0|(20)|empty
