1896684377507637549|1135380524|0|0|0|(-7.0000000E+000)|.000|0|0|0|0|()|empty
1896684377507637549|1135380524|1|1|1|(-7.0000000E+000)|.000|1|0|0|0|(-7.0000000E+000)|empty
1896684377507637549|1135380524|2|11|1|(-6.0000000E+000)|.000|11|0|0|0|(-6.0000000E+000)|empty
1896684377507637549|1135380524|3|7|1|(-5.0000000E+000)|.000|7|0|0|0|(-5.0000000E+000)|empty
1896684377507637549|1135380524|4|1|1|(NULL)|.000|0|0|0|0|()|empty
1896684377507637549|1135380528|0|0|0|('United States')|.000|0|0|0|0|()|empty
1896684377507637549|1135380528|1|20|1|('United States')|.000|20|0|0|0|('United States')|empty
1896684377507637549|1135380534|0|0|0|('19231')|.000|0|0|0|0|()|empty
1896684377507637549|1135380534|1|1|1|('19231')|.000|1|0|0|0|('19231')|empty
1896684377507637549|1135380534|2|1|1|('29231')|.000|1|0|0|0|('29231')|empty
1896684377507637549|1135380534|3|1|1|('33604')|.000|1|0|0|0|('33604')|empty
1896684377507637549|1135380534|4|1|1|('35709')|.000|1|0|0|0|('35709')|empty
1896684377507637549|1135380534|5|1|1|('36098')|.000|1|0|0|0|('36098')|empty
1896684377507637549|1135380534|6|2|1|('38048')|.000|2|0|0|0|('38048')|empty
1896684377507637549|1135380534|7|1|1|('42477')|.000|1|0|0|0|('42477')|empty
1896684377507637549|1135380534|8|1|1|('44593')|.000|1|0|0|0|('44593')|empty
1896684377507637549|1135380534|9|1|1|('46098')|.000|1|0|0|0|('46098')|empty
1896684377507637549|1135380534|10|1|1|('55709')|.000|1|0|0|0|('55709')|empty
1896684377507637549|1135380534|11|1|1|('56098')|.000|1|0|0|0|('56098')|empty
1896684377507637549|1135380534|12|1|1|('58828')|.000|1|0|0|0|('58828')|empty
1896684377507637549|1135380534|13|1|1|('59275')|.000|1|0|0|0|('59275')|empty
1896684377507637549|1135380534|14|2|1|('63451')|.000|2|0|0|0|('63451')|empty
1896684377507637549|1135380534|15|1|1|('64593')|.000|1|0|0|0|('64593')|empty
1896684377507637549|1135380534|16|1|1|('74136')|.000|1|0|0|0|('74136')|empty
1896684377507637549|1135380534|17|1|1|('78370')|.000|1|0|0|0|('78370')|empty
1896684377507637549|1135380534|18|1|1|('89275')|.000|1|0|0|0|('89275')|empty
1896684377507637549|1135380538|0|0|0|('AL')|.000|0|0|0|0|()|empty
1896684377507637549|1135380538|1|2|1|('AL')|.000|2|0|0|0|('AL')|empty
1896684377507637549|1135380538|2|2|1|('GA')|.000|2|0|0|0|('GA')|empty
1896684377507637549|1135380538|3|1|1|('IN')|.000|1|0|0|0|('IN')|empty
1896684377507637549|1135380538|4|2|1|('LA')|.000|2|0|0|0|('LA')|empty
1896684377507637549|1135380538|5|1|1|('MI')|.000|1|0|0|0|('MI')|empty
1896684377507637549|1135380538|6|1|1|('MN')|.000|1|0|0|0|('MN')|empty
1896684377507637549|1135380538|7|3|1|('MO')|.000|3|0|0|0|('MO')|empty
1896684377507637549|1135380538|8|1|1|('NM')|.000|1|0|0|0|('NM')|empty
1896684377507637549|1135380538|9|1|1|('NY')|.000|1|0|0|0|('NY')|empty
1896684377507637549|1135380538|10|1|1|('OH')|.000|1|0|0|0|('OH')|empty
1896684377507637549|1135380538|11|1|1|('SC')|.000|1|0|0|0|('SC')|empty
1896684377507637549|1135380538|12|3|1|('SD')|.000|3|0|0|0|('SD')|empty
1896684377507637549|1135380538|13|1|1|('TN')|.000|1|0|0|0|('TN')|empty
1896684377507637549|1135380545|0|0|0|('Bronx County')|.000|0|0|0|0|()|empty
1896684377507637549|1135380545|1|1|1|('Bronx County')|.000|1|0|0|0|('Bronx County')|empty
1896684377507637549|1135380545|2|3|1|('Daviess County')|.000|3|0|0|0|('Daviess County')|empty
1896684377507637549|1135380545|3|1|1|('Fairfield County')|.000|1|0|0|0|('Fairfield County')|empty
1896684377507637549|1135380545|4|2|1|('Franklin Parish')|.000|2|0|0|0|('Franklin Parish')|empty
1896684377507637549|1135380545|5|1|1|('Huron County')|.000|1|0|0|0|('Huron County')|empty
1896684377507637549|1135380545|6|1|1|('Marshall County')|.000|1|0|0|0|('Marshall County')|empty
1896684377507637549|1135380545|7|1|1|('Mobile County')|.000|1|0|0|0|('Mobile County')|empty
1896684377507637549|1135380545|8|2|1|('Oglethorpe County')|.000|2|0|0|0|('Oglethorpe County')|empty
1896684377507637549|1135380545|9|1|1|('Richland County')|.000|1|0|0|0|('Richland County')|empty
1896684377507637549|1135380545|10|1|1|('San Miguel County')|.000|1|0|0|0|('San Miguel County')|empty
1896684377507637549|1135380545|11|1|1|('Wadena County')|.000|1|0|0|0|('Wadena County')|empty
1896684377507637549|1135380545|12|1|1|('Walker County')|.000|1|0|0|0|('Walker County')|empty
1896684377507637549|1135380545|13|1|1|('Williamson County')|.000|1|0|0|0|('Williamson County')|empty
1896684377507637549|1135380545|14|3|1|('Ziebach County')|.000|3|0|0|0|('Ziebach County')|empty
1896684377507637549|1135380548|0|0|0|('Fairview')|.000|0|0|0|0|()|empty
1896684377507637549|1135380548|1|2|1|('Fairview')|.000|2|0|0|0|('Fairview')|empty
1896684377507637549|1135380548|2|3|1|('Five Points')|.000|3|0|0|0|('Five Points')|empty
1896684377507637549|1135380548|3|1|1|('Greenwood')|.000|1|0|0|0|('Greenwood')|empty
1896684377507637549|1135380548|4|2|1|('Liberty')|.000|2|0|0|0|('Liberty')|empty
1896684377507637549|1135380548|5|1|1|('Oak Grove')|.000|1|0|0|0|('Oak Grove')|empty
1896684377507637549|1135380548|6|2|1|('Pine Grove')|.000|2|0|0|0|('Pine Grove')|empty
1896684377507637549|1135380548|7|1|1|('Pleasant Grove')|.000|1|0|0|0|('Pleasant Grove')|empty
1896684377507637549|1135380548|8|1|1|('Pleasant Hill')|.000|1|0|0|0|('Pleasant Hill')|empty
1896684377507637549|1135380548|9|1|1|('Pleasant Valley')|.000|1|0|0|0|('Pleasant Valley')|empty
1896684377507637549|1135380548|10|2|1|('Riverside')|.000|2|0|0|0|('Riverside')|empty
1896684377507637549|1135380548|11|2|1|('Salem')|.000|2|0|0|0|('Salem')|empty
1896684377507637549|1135380548|12|2|1|('Shiloh')|.000|2|0|0|0|('Shiloh')|empty
1896684377507637549|1135380554|0|0|0|('')|.000|0|0|0|0|()|empty
1896684377507637549|1135380554|1|1|1|('')|.000|1|0|0|0|('')|empty
1896684377507637549|1135380554|2|1|1|('Suite 0')|.000|1|0|0|0|('Suite 0')|empty
1896684377507637549|1135380554|3|1|1|('Suite 160')|.000|1|0|0|0|('Suite 160')|empty
1896684377507637549|1135380554|4|1|1|('Suite 260')|.000|1|0|0|0|('Suite 260')|empty
1896684377507637549|1135380554|5|1|1|('Suite 350')|.000|1|0|0|0|('Suite 350')|empty
1896684377507637549|1135380554|6|1|1|('Suite 370')|.000|1|0|0|0|('Suite 370')|empty
1896684377507637549|1135380554|7|1|1|('Suite 430')|.000|1|0|0|0|('Suite 430')|empty
1896684377507637549|1135380554|8|1|1|('Suite 470')|.000|1|0|0|0|('Suite 470')|empty
1896684377507637549|1135380554|9|1|1|('Suite 480')|.000|1|0|0|0|('Suite 480')|empty
1896684377507637549|1135380554|10|1|1|('Suite 80')|.000|1|0|0|0|('Suite 80')|empty
1896684377507637549|1135380554|11|2|1|('Suite 90')|.000|2|0|0|0|('Suite 90')|empty
1896684377507637549|1135380554|12|1|1|('Suite F')|.000|1|0|0|0|('Suite F')|empty
1896684377507637549|1135380554|13|1|1|('Suite H')|.000|1|0|0|0|('Suite H')|empty
1896684377507637549|1135380554|14|1|1|('Suite I')|.000|1|0|0|0|('Suite I')|empty
1896684377507637549|1135380554|15|2|1|('Suite P')|.000|2|0|0|0|('Suite P')|empty
1896684377507637549|1135380554|16|1|1|('Suite Q')|.000|1|0|0|0|('Suite Q')|empty
1896684377507637549|1135380554|17|1|1|('Suite R')|.000|1|0|0|0|('Suite R')|empty
1896684377507637549|1135380554|18|1|1|('Suite X')|.000|1|0|0|0|('Suite X')|empty
1896684377507637549|1135380559|0|0|0|('')|.000|0|0|0|0|()|empty
1896684377507637549|1135380559|1|1|1|('')|.000|1|0|0|0|('')|empty
1896684377507637549|1135380559|2|1|1|('Ave')|.000|1|0|0|0|('Ave')|empty
1896684377507637549|1135380559|3|2|1|('Avenue')|.000|2|0|0|0|('Avenue')|empty
1896684377507637549|1135380559|4|2|1|('Ct.')|.000|2|0|0|0|('Ct.')|empty
1896684377507637549|1135380559|5|2|1|('Dr.')|.000|2|0|0|0|('Dr.')|empty
1896684377507637549|1135380559|6|1|1|('Drive')|.000|1|0|0|0|('Drive')|empty
1896684377507637549|1135380559|7|1|1|('Ln')|.000|1|0|0|0|('Ln')|empty
1896684377507637549|1135380559|8|2|1|('Parkway')|.000|2|0|0|0|('Parkway')|empty
1896684377507637549|1135380559|9|2|1|('RD')|.000|2|0|0|0|('RD')|empty
1896684377507637549|1135380559|10|1|1|('Road')|.000|1|0|0|0|('Road')|empty
1896684377507637549|1135380559|11|1|1|('ST')|.000|1|0|0|0|('ST')|empty
1896684377507637549|1135380559|12|1|1|('Street')|.000|1|0|0|0|('Street')|empty
1896684377507637549|1135380559|13|1|1|('Way')|.000|1|0|0|0|('Way')|empty
1896684377507637549|1135380559|14|2|1|('Wy')|.000|2|0|0|0|('Wy')|empty
1896684377507637549|1135380564|0|0|0|('')|.000|0|0|0|0|()|empty
1896684377507637549|1135380564|1|1|1|('')|.000|1|0|0|0|('')|empty
1896684377507637549|1135380564|2|1|1|('3rd')|.000|1|0|0|0|('3rd')|empty
1896684377507637549|1135380564|3|1|1|('6th')|.000|1|0|0|0|('6th')|empty
1896684377507637549|1135380564|4|1|1|('7th Park')|.000|1|0|0|0|('7th Park')|empty
1896684377507637549|1135380564|5|1|1|('7th Sunset')|.000|1|0|0|0|('7th Sunset')|empty
1896684377507637549|1135380564|6|1|1|('Ash Center')|.000|1|0|0|0|('Ash Center')|empty
1896684377507637549|1135380564|7|1|1|('Ash Laurel')|.000|1|0|0|0|('Ash Laurel')|empty
1896684377507637549|1135380564|8|1|1|('Center')|.000|1|0|0|0|('Center')|empty
1896684377507637549|1135380564|9|1|1|('Elm Madison')|.000|1|0|0|0|('Elm Madison')|empty
1896684377507637549|1135380564|10|1|1|('Hickory Laurel')|.000|1|0|0|0|('Hickory Laurel')|empty
1896684377507637549|1135380564|11|1|1|('Johnson')|.000|1|0|0|0|('Johnson')|empty
1896684377507637549|1135380564|12|1|1|('Lincoln Adams')|.000|1|0|0|0|('Lincoln Adams')|empty
1896684377507637549|1135380564|13|1|1|('Miller Broadway')|.000|1|0|0|0|('Miller Broadway')|empty
1896684377507637549|1135380564|14|1|1|('North')|.000|1|0|0|0|('North')|empty
1896684377507637549|1135380564|15|1|1|('Oak Ninth')|.000|1|0|0|0|('Oak Ninth')|empty
1896684377507637549|1135380564|16|1|1|('Ridge')|.000|1|0|0|0|('Ridge')|empty
1896684377507637549|1135380564|17|1|1|('Spring')|.000|1|0|0|0|('Spring')|empty
1896684377507637549|1135380564|18|1|1|('View First')|.000|1|0|0|0|('View First')|empty
1896684377507637549|1135380564|19|1|1|('Washington 7th')|.000|1|0|0|0|('Washington 7th')|empty
1896684377507637549|1135380564|20|1|1|('Wilson Elm')|.000|1|0|0|0|('Wilson Elm')|empty
1896684377507637549|1135380569|0|0|0|('')|.000|0|0|0|0|()|empty
1896684377507637549|1135380569|1|1|1|('')|.000|1|0|0|0|('')|empty
1896684377507637549|1135380569|2|2|1|('15')|.000|2|0|0|0|('15')|empty
1896684377507637549|1135380569|3|1|1|('176')|.000|1|0|0|0|('176')|empty
1896684377507637549|1135380569|4|1|1|('269')|.000|1|0|0|0|('269')|empty
1896684377507637549|1135380569|5|1|1|('288')|.000|1|0|0|0|('288')|empty
1896684377507637549|1135380569|6|1|1|('305')|.000|1|0|0|0|('305')|empty
1896684377507637549|1135380569|7|1|1|('332')|.000|1|0|0|0|('332')|empty
1896684377507637549|1135380569|8|1|1|('368')|.000|1|0|0|0|('368')|empty
1896684377507637549|1135380569|9|1|1|('410')|.000|1|0|0|0|('410')|empty
1896684377507637549|1135380569|10|1|1|('420')|.000|1|0|0|0|('420')|empty
1896684377507637549|1135380569|11|1|1|('534')|.000|1|0|0|0|('534')|empty
1896684377507637549|1135380569|12|1|1|('600')|.000|1|0|0|0|('600')|empty
1896684377507637549|1135380569|13|1|1|('624')|.000|1|0|0|0|('624')|empty
1896684377507637549|1135380569|14|1|1|('651')|.000|1|0|0|0|('651')|empty
1896684377507637549|1135380569|15|1|1|('69')|.000|1|0|0|0|('69')|empty
1896684377507637549|1135380569|16|1|1|('728')|.000|1|0|0|0|('728')|empty
1896684377507637549|1135380569|17|1|1|('779')|.000|1|0|0|0|('779')|empty
1896684377507637549|1135380569|18|1|1|('846')|.000|1|0|0|0|('846')|empty
1896684377507637549|1135380569|19|1|1|('957')|.000|1|0|0|0|('957')|empty
1896684377507637549|1135380575|0|0|0|(73065)|.000|0|0|0|0|()|empty
1896684377507637549|1135380575|1|1|1|(73065)|.000|1|0|0|0|(73065)|empty
1896684377507637549|1135380575|2|1|1|(138504)|.000|1|0|0|0|(138504)|empty
1896684377507637549|1135380575|3|1|1|(185634)|.000|1|0|0|0|(185634)|empty
1896684377507637549|1135380575|4|1|1|(198212)|.000|1|0|0|0|(198212)|empty
1896684377507637549|1135380575|5|1|1|(294242)|.000|1|0|0|0|(294242)|empty
1896684377507637549|1135380575|6|1|1|(418158)|.000|1|0|0|0|(418158)|empty
1896684377507637549|1135380575|7|1|1|(514427)|.000|1|0|0|0|(514427)|empty
1896684377507637549|1135380575|8|1|1|(520093)|.000|1|0|0|0|(520093)|empty
1896684377507637549|1135380575|9|1|1|(572104)|.000|1|0|0|0|(572104)|empty
1896684377507637549|1135380575|10|1|1|(621234)|.000|1|0|0|0|(621234)|empty
1896684377507637549|1135380575|11|1|1|(621938)|.000|1|0|0|0|(621938)|empty
1896684377507637549|1135380575|12|1|1|(662475)|.000|1|0|0|0|(662475)|empty
1896684377507637549|1135380575|13|1|1|(733897)|.000|1|0|0|0|(733897)|empty
1896684377507637549|1135380575|14|1|1|(758375)|.000|1|0|0|0|(758375)|empty
1896684377507637549|1135380575|15|1|1|(838797)|.000|1|0|0|0|(838797)|empty
1896684377507637549|1135380575|16|1|1|(863277)|.000|1|0|0|0|(863277)|empty
1896684377507637549|1135380575|17|1|1|(914242)|.000|1|0|0|0|(914242)|empty
1896684377507637549|1135380575|18|1|1|(926078)|.000|1|0|0|0|(926078)|empty
1896684377507637549|1135380575|19|1|1|(977787)|.000|1|0|0|0|(977787)|empty
1896684377507637549|1135380575|20|1|1|(NULL)|.000|0|0|0|0|()|empty
1896684377507637549|1135380578|0|0|0|('')|.000|0|0|0|0|()|empty
1896684377507637549|1135380578|1|1|1|('')|.000|1|0|0|0|('')|empty
1896684377507637549|1135380578|2|1|1|('Bad cards must make.')|.000|1|0|0|0|('Bad cards must make.')|empty
1896684377507637549|1135380578|3|1|1|('Conventional childr')|.000|1|0|0|0|('Conventional childr')|empty
1896684377507637549|1135380578|4|1|1|('Doors canno')|.000|1|0|0|0|('Doors canno')|empty
1896684377507637549|1135380578|5|1|1|('Empty, middle women')|.000|1|0|0|0|('Empty, middle women')|empty
1896684377507637549|1135380578|6|1|1|('Friendly, suitable')|.000|1|0|0|0|('Friendly, suitable')|empty
1896684377507637549|1135380578|7|1|1|('Governments should')|.000|1|0|0|0|('Governments should')|empty
1896684377507637549|1135380578|8|1|1|('Important dem')|.000|1|0|0|0|('Important dem')|empty
1896684377507637549|1135380578|9|1|1|('Important issues liv')|.000|1|0|0|0|('Important issues liv')|empty
1896684377507637549|1135380578|10|1|1|('Local, mass universi')|.000|1|0|0|0|('Local, mass universi')|empty
1896684377507637549|1135380578|11|1|1|('Months woul')|.000|1|0|0|0|('Months woul')|empty
1896684377507637549|1135380578|12|1|1|('National, comple')|.000|1|0|0|0|('National, comple')|empty
1896684377507637549|1135380578|13|1|1|('New proceedings fo')|.000|1|0|0|0|('New proceedings fo')|empty
1896684377507637549|1135380578|14|1|1|('New, net purposes')|.000|1|0|0|0|('New, net purposes')|empty
1896684377507637549|1135380578|15|1|1|('Plain, reluctant')|.000|1|0|0|0|('Plain, reluctant')|empty
1896684377507637549|1135380578|16|1|1|('Please central m')|.000|1|0|0|0|('Please central m')|empty
1896684377507637549|1135380578|17|1|1|('Quite effectiv')|.000|1|0|0|0|('Quite effectiv')|empty
1896684377507637549|1135380578|18|1|1|('Rooms cook')|.000|1|0|0|0|('Rooms cook')|empty
1896684377507637549|1135380578|19|1|1|('Surprising emot')|.000|1|0|0|0|('Surprising emot')|empty
1896684377507637549|1135380578|20|1|1|('Therefore urg')|.000|1|0|0|0|('Therefore urg')|empty
1896684377507637549|1135380584|0|0|0|('AAAAAAAAABAAAAAA')|.000|0|0|0|0|()|empty
1896684377507637549|1135380584|1|1|1|('AAAAAAAAABAAAAAA')|.000|1|0|0|0|('AAAAAAAAABAAAAAA')|empty
1896684377507637549|1135380584|2|1|1|('AAAAAAAABAAAAAAA')|.000|1|0|0|0|('AAAAAAAABAAAAAAA')|empty
1896684377507637549|1135380584|3|1|1|('AAAAAAAABBAAAAAA')|.000|1|0|0|0|('AAAAAAAABBAAAAAA')|empty
1896684377507637549|1135380584|4|1|1|('AAAAAAAACAAAAAAA')|.000|1|0|0|0|('AAAAAAAACAAAAAAA')|empty
1896684377507637549|1135380584|5|1|1|('AAAAAAAACBAAAAAA')|.000|1|0|0|0|('AAAAAAAACBAAAAAA')|empty
1896684377507637549|1135380584|6|1|1|('AAAAAAAADAAAAAAA')|.000|1|0|0|0|('AAAAAAAADAAAAAAA')|empty
1896684377507637549|1135380584|7|1|1|('AAAAAAAADBAAAAAA')|.000|1|0|0|0|('AAAAAAAADBAAAAAA')|empty
1896684377507637549|1135380584|8|1|1|('AAAAAAAAEAAAAAAA')|.000|1|0|0|0|('AAAAAAAAEAAAAAAA')|empty
1896684377507637549|1135380584|9|1|1|('AAAAAAAAEBAAAAAA')|.000|1|0|0|0|('AAAAAAAAEBAAAAAA')|empty
1896684377507637549|1135380584|10|1|1|('AAAAAAAAFAAAAAAA')|.000|1|0|0|0|('AAAAAAAAFAAAAAAA')|empty
1896684377507637549|1135380584|11|1|1|('AAAAAAAAGAAAAAAA')|.000|1|0|0|0|('AAAAAAAAGAAAAAAA')|empty
1896684377507637549|1135380584|12|1|1|('AAAAAAAAHAAAAAAA')|.000|1|0|0|0|('AAAAAAAAHAAAAAAA')|empty
1896684377507637549|1135380584|13|1|1|('AAAAAAAAIAAAAAAA')|.000|1|0|0|0|('AAAAAAAAIAAAAAAA')|empty
1896684377507637549|1135380584|14|1|1|('AAAAAAAAJAAAAAAA')|.000|1|0|0|0|('AAAAAAAAJAAAAAAA')|empty
1896684377507637549|1135380584|15|1|1|('AAAAAAAAKAAAAAAA')|.000|1|0|0|0|('AAAAAAAAKAAAAAAA')|empty
1896684377507637549|1135380584|16|1|1|('AAAAAAAALAAAAAAA')|.000|1|0|0|0|('AAAAAAAALAAAAAAA')|empty
1896684377507637549|1135380584|17|1|1|('AAAAAAAAMAAAAAAA')|.000|1|0|0|0|('AAAAAAAAMAAAAAAA')|empty
1896684377507637549|1135380584|18|1|1|('AAAAAAAANAAAAAAA')|.000|1|0|0|0|('AAAAAAAANAAAAAAA')|empty
1896684377507637549|1135380584|19|1|1|('AAAAAAAAOAAAAAAA')|.000|1|0|0|0|('AAAAAAAAOAAAAAAA')|empty
1896684377507637549|1135380584|20|1|1|('AAAAAAAAPAAAAAAA')|.000|1|0|0|0|('AAAAAAAAPAAAAAAA')|empty
1896684377507637549|1135380589|0|0|0|(1)|.000|0|0|0|0|()|empty
1896684377507637549|1135380589|1|1|1|(1)|.000|1|0|0|0|(1)|empty
1896684377507637549|1135380589|2|1|1|(2)|.000|1|0|0|0|(2)|empty
1896684377507637549|1135380589|3|1|1|(3)|.000|1|0|0|0|(3)|empty
1896684377507637549|1135380589|4|1|1|(4)|.000|1|0|0|0|(4)|empty
1896684377507637549|1135380589|5|1|1|(5)|.000|1|0|0|0|(5)|empty
1896684377507637549|1135380589|6|1|1|(6)|.000|1|0|0|0|(6)|empty
1896684377507637549|1135380589|7|1|1|(7)|.000|1|0|0|0|(7)|empty
1896684377507637549|1135380589|8|1|1|(8)|.000|1|0|0|0|(8)|empty
1896684377507637549|1135380589|9|1|1|(9)|.000|1|0|0|0|(9)|empty
1896684377507637549|1135380589|10|1|1|(10)|.000|1|0|0|0|(10)|empty
1896684377507637549|1135380589|11|1|1|(11)|.000|1|0|0|0|(11)|empty
1896684377507637549|1135380589|12|1|1|(12)|.000|1|0|0|0|(12)|empty
1896684377507637549|1135380589|13|1|1|(13)|.000|1|0|0|0|(13)|empty
1896684377507637549|1135380589|14|1|1|(14)|.000|1|0|0|0|(14)|empty
1896684377507637549|1135380589|15|1|1|(15)|.000|1|0|0|0|(15)|empty
1896684377507637549|1135380589|16|1|1|(16)|.000|1|0|0|0|(16)|empty
1896684377507637549|1135380589|17|1|1|(17)|.000|1|0|0|0|(17)|empty
1896684377507637549|1135380589|18|1|1|(18)|.000|1|0|0|0|(18)|empty
1896684377507637549|1135380589|19|1|1|(19)|.000|1|0|0|0|(19)|empty
1896684377507637549|1135380589|20|1|1|(20)|.000|1|0|0|0|(20)|empty
1896684377507637549|1135380594|0|0|0|('United States','AL','Bronx County','Fairview',73065,'')|.000|0|0|0|0|()|empty
1896684377507637549|1135380594|1|20|20|('United States','TN','Ziebach County','Shiloh',977787,'Therefore urg')|.000|11876|11828|0|0|('')|empty
