6423927512736036813|1537979679|0|33|1|48|719820455|1823|2016-08-16 15:58:40|(2450816)|(2452642)|0001-01-01 00:00:00|0|0|66|13|4.39399141056741120E-002|M|0|-1|0|0|empty|empty
6423927512736036813|1537979682|0|32|1|57|719820455|1321218|2016-08-16 16:03:10|(-9.9500000E+003)|(1.8622000E+004)|0001-01-01 00:00:00|0|0|12|13|5.83818289519804928E-001|M|0|-1|0|0|empty|empty
6423927512736036813|1537979689|0|31|1|55|719820455|2571399|2016-08-16 14:40:59|(0.0000000E+000)|(4.3760101E+004)|0001-01-01 00:00:00|0|0|2|13|6.34518232443938560E-001|M|0|-1|0|0|empty|empty
6423927512736036813|1537979692|0|30|1|55|719820455|1493906|2016-08-16 15:45:32|(0.0000000E+000)|(4.1838390E+004)|0001-01-01 00:00:00|0|0|33|13|1.12337572315023152E+000|M|0|-1|0|0|empty|empty
6423927512736036813|1537979699|0|29|1|57|719820455|1621041|2016-08-16 14:40:59|(0.0000000E+000)|(3.1926099E+004)|0001-01-01 00:00:00|0|0|2|13|1.07974709792328416E-001|M|0|-1|0|0|empty|empty
6423927512736036813|1537979702|0|28|1|58|719820455|1062851|2016-08-16 15:46:32|(0.0000000E+000)|(2.8856000E+004)|0001-01-01 00:00:00|0|0|35|13|6.79698506356218240E-001|M|0|-1|0|0|empty|empty
6423927512736036813|1537979709|0|27|1|59|719820455|505038|2016-08-16 14:40:59|(0.0000000E+000)|(1.4311679E+004)|0001-01-01 00:00:00|0|0|2|13|8.96125175240461056E-001|M|0|-1|0|0|empty|empty
6423927512736036813|1537979712|0|26|1|12|719820455|751029|2016-08-16 14:40:59|(0.0000000E+000)|(2.4267150E+004)|0001-01-01 00:00:00|0|0|2|13|4.18869572334564096E-002|M|0|-1|0|0|empty|empty
6423927512736036813|1537979719|0|25|1|50|719820455|146510|2016-08-16 14:40:59|(0.0000000E+000)|(2.6361000E+003)|0001-01-01 00:00:00|0|0|2|13|1.38405213245029664E-002|M|0|-1|0|0|empty|empty
6423927512736036813|1537979722|0|24|1|58|719820455|1285684|2016-08-16 15:38:18|(1.0900000E+000)|(2.9767000E+004)|0001-01-01 00:00:00|0|0|35|13|5.01904182887934784E-001|M|0|-1|0|0|empty|empty
6423927512736036813|1537979729|0|23|1|60|719820455|499174|2016-08-16 15:41:24|(1.0000000E+000)|(1.0000000E+004)|0001-01-01 00:00:00|0|0|33|13|5.85525220589524992E-001|M|0|-1|0|0|empty|empty
6423927512736036813|1537979732|0|22|1|60|719820455|901459|2016-08-16 16:03:10|(0.0000000E+000)|(2.8472000E+004)|0001-01-01 00:00:00|0|0|12|13|7.45705702484239360E-001|M|0|-1|0|0|empty|empty
6423927512736036813|1537979739|0|21|1|58|719820455|919876|2016-08-16 15:37:06|(0.0000000E+000)|(2.9266000E+004)|0001-01-01 00:00:00|0|0|48|13|7.38861101979710208E-001|M|0|-1|0|0|empty|empty
6423927512736036813|1537979742|0|20|1|58|719820455|38424|2016-08-16 15:53:39|(0.0000000E+000)|(2.9836999E+002)|0001-01-01 00:00:00|0|0|33|13|9.14780485178280704E-003|M|0|-1|0|0|empty|empty
6423927512736036813|1537979749|0|19|1|60|719820455|30466|2016-08-16 15:52:36|(1.0000000E+000)|(2.9991000E+002)|0001-01-01 00:00:00|0|0|17|13|1.92350286577460928E-002|M|0|-1|0|0|empty|empty
6423927512736036813|1537979752|0|18|1|49|719820455|9902|2016-08-16 16:05:13|(1.0000000E+000)|(1.0000000E+002)|0001-01-01 00:00:00|0|0|36|13|3.98455992174570624E-004|M|0|-1|0|0|empty|empty
6423927512736036813|1537979759|0|17|1|79|719820455|101|2016-08-16 15:52:36|(1)|(100)|0001-01-01 00:00:00|0|0|17|13|0.00000000000000000E+000|M|0|-1|0|0|empty|empty
6423927512736036813|1537979762|0|16|1|31|719820455|57926547|2016-08-16 15:48:36|(25)|(59999904)|0001-01-01 00:00:00|0|0|33|13|1.73507375130002272E-003|M|0|-1|0|0|empty|empty
6423927512736036813|1537979769|0|15|1|49|719820455|1501|2016-08-16 15:49:33|(1)|(1500)|0001-01-01 00:00:00|0|0|32|13|2.19824810348883296E-004|M|0|-1|0|0|empty|empty
6423927512736036813|1537979772|0|14|1|21|719820455|21|2016-08-16 16:01:13|(1)|(20)|0001-01-01 00:00:00|0|0|36|13|0.00000000000000000E+000|M|0|-1|0|0|empty|empty
6423927512736036813|1537979779|0|13|1|21|719820455|21|2016-08-16 15:57:41|(1)|(20)|0001-01-01 00:00:00|0|0|32|13|0.00000000000000000E+000|M|0|-1|0|0|empty|empty
6423927512736036813|1537979782|0|12|1|55|719820455|55|2016-08-16 16:04:13|(1)|(54)|0001-01-01 00:00:00|0|0|34|13|0.00000000000000000E+000|M|0|-1|0|0|empty|empty
6423927512736036813|1537979789|0|11|1|49|719820455|3001|2016-08-16 16:03:10|(1)|(3000)|0001-01-01 00:00:00|0|0|12|13|2.52225828676762560E-001|M|0|-1|0|0|empty|empty
6423927512736036813|1537979792|0|10|1|39|719820455|5584222|2016-08-16 15:54:40|(18)|(5999995)|0001-01-01 00:00:00|0|0|31|13|8.32693889882074624E-003|M|0|-1|0|0|empty|empty
6423927512736036813|1537979799|0|9|1|49|719820455|7201|2016-08-16 15:56:41|(1)|(7200)|0001-01-01 00:00:00|0|0|35|13|4.82573628333394624E-004|M|0|-1|0|0|empty|empty
6423927512736036813|1537979802|0|8|1|34|719820455|1923164|2016-08-16 14:40:59|(1)|(1920798)|0001-01-01 00:00:00|0|0|2|13|6.76695876023667328E-003|M|0|-1|0|0|empty|empty
6423927512736036813|1537979809|0|7|1|38|719820455|9999987|2016-08-16 14:40:59|(1)|(11999998)|0001-01-01 00:00:00|0|0|2|13|7.26039845555815552E-003|M|0|-1|0|0|empty|empty
6423927512736036813|1537979812|0|6|1|53|719820455|5588428|2016-08-16 15:34:58|(7)|(5999999)|0001-01-01 00:00:00|0|0|35|13|1.14755883547817536E-002|M|0|-1|0|0|empty|empty
6423927512736036813|1537979819|0|5|1|49|719820455|7201|2016-08-16 14:40:59|(1)|(7200)|0001-01-01 00:00:00|0|0|2|13|3.51392795816395584E-004|M|0|-1|0|0|empty|empty
6423927512736036813|1537979822|0|4|1|48|719820455|1918143|2016-08-16 14:40:59|(2)|(1920798)|0001-01-01 00:00:00|0|0|2|13|6.82443210901701248E-003|M|0|-1|0|0|empty|empty
6423927512736036813|1537979829|0|3|1|31|719820455|10207671|2016-08-16 15:36:00|(9)|(11999916)|0001-01-01 00:00:00|0|0|35|13|9.18141215394779136E-003|M|0|-1|0|0|empty|empty
6423927512736036813|1537979832|0|2|1|59|719820455|312064|2016-08-16 15:43:26|(1)|(300000)|0001-01-01 00:00:00|0|0|18|13|1.79646462365688864E-001|M|0|-1|0|0|empty|empty
6423927512736036813|1537979839|0|1|1|49|719820455|1947|2016-08-16 15:55:40|(2450817)|(2452762)|0001-01-01 00:00:00|0|0|36|13|2.00527525212326784E-002|M|0|-1|0|0|empty|empty
6423927512736036813|1537979842|0|0|1|56|719820455|86640|2016-08-16 16:00:15|(0)|(86399)|0001-01-01 00:00:00|0|0|34|13|1.29127489620288176E-002|M|0|-1|0|0|empty|empty
6423927512736036813|1537979849|0|32|2|1|719820455|997900|2016-08-16 15:40:21|(-9.8733203E+003,0.0000000E+000)|(1.9141650E+004,2.8922000E+004)|0001-01-01 00:00:00|0|0|18|13|0.00000000000000000E+000|M|0|-1|0|0|empty|empty
6423927512736036813|1537979849|1|22|2|1|719820455|997900|2016-08-16 15:40:21|(-9.8733203E+003,0.0000000E+000)|(1.9141650E+004,2.8922000E+004)|0001-01-01 00:00:00|0|0|18|13|0.00000000000000000E+000|M|0|-1|0|0|empty|empty
6423927512736036813|1537979852|0|16|2|1|719820455|719820455|2016-08-16 15:43:26|(41,1)|(59999954,300000)|0001-01-01 00:00:00|0|0|18|13|0.00000000000000000E+000|M|0|-1|0|0|empty|empty
6423927512736036813|1537979852|1|2|2|1|719820455|719820455|2016-08-16 15:43:26|(41,1)|(59999954,300000)|0001-01-01 00:00:00|0|0|18|13|0.00000000000000000E+000|M|0|-1|0|0|empty|empty
6423927512736036813|1537979859|0|22|2|1|719820455|662141|2016-08-16 15:51:36|(0.0000000E+000,1)|(2.9037000E+004,100)|0001-01-01 00:00:00|0|0|16|13|0.00000000000000000E+000|M|0|-1|0|0|empty|empty
6423927512736036813|1537979859|1|17|2|1|719820455|662141|2016-08-16 15:51:36|(0.0000000E+000,1)|(2.9037000E+004,100)|0001-01-01 00:00:00|0|0|16|13|0.00000000000000000E+000|M|0|-1|0|0|empty|empty
6423927512736036813|1537979862|0|19|2|1|719820455|806001|2016-08-16 15:52:36|(1.0000000E+000,1)|(2.9991000E+002,100)|0001-01-01 00:00:00|0|0|17|13|0.00000000000000000E+000|M|0|-1|0|0|empty|empty
6423927512736036813|1537979862|1|17|2|1|719820455|806001|2016-08-16 15:52:36|(1.0000000E+000,1)|(2.9991000E+002,100)|0001-01-01 00:00:00|0|0|17|13|0.00000000000000000E+000|M|0|-1|0|0|empty|empty
6423927512736036813|1537979869|0|32|3|1|719820455|719820455|2016-08-16 16:03:10|(-9.9500000E+003,0.0000000E+000,1)|(1.8622000E+004,2.8472000E+004,3000)|0001-01-01 00:00:00|0|0|12|13|0.00000000000000000E+000|M|0|-1|0|0|empty|empty
6423927512736036813|1537979869|1|22|3|1|719820455|719820455|2016-08-16 16:03:10|(-9.9500000E+003,0.0000000E+000,1)|(1.8622000E+004,2.8472000E+004,3000)|0001-01-01 00:00:00|0|0|12|13|0.00000000000000000E+000|M|0|-1|0|0|empty|empty
6423927512736036813|1537979869|2|11|3|1|719820455|719820455|2016-08-16 16:03:10|(-9.9500000E+003,0.0000000E+000,1)|(1.8622000E+004,2.8472000E+004,3000)|0001-01-01 00:00:00|0|0|12|13|0.00000000000000000E+000|M|0|-1|0|0|empty|empty
