1896684377507639283|1131278627|0|9|1|4|86400|4|2016-08-16 14:38:50|('')|('lunch')|0001-01-01 00:00:00|0|0|0|1157|0.00000000000000000E+000|M|0|295|0|0|empty|empty
1896684377507639283|1131278632|0|8|1|4|86400|4|2016-08-16 14:38:50|('afternoon')|('night')|0001-01-01 00:00:00|0|0|0|1157|0.00000000000000000E+000|M|0|694|0|0|empty|empty
1896684377507639283|1131278637|0|7|1|3|86400|3|2016-08-16 14:38:50|('first')|('third')|0001-01-01 00:00:00|0|0|0|1157|0.00000000000000000E+000|M|0|533|0|0|empty|empty
1896684377507639283|1131278642|0|6|1|2|86400|2|2016-08-16 14:38:50|('AM')|('PM')|0001-01-01 00:00:00|0|0|0|1157|0.00000000000000000E+000|M|0|200|0|0|empty|empty
1896684377507639283|1131278647|0|5|1|60|86400|60|2016-08-16 14:38:50|(0)|(59)|0001-01-01 00:00:00|0|0|0|1157|0.00000000000000000E+000|M|0|-1|0|0|empty|empty
1896684377507639283|1131278653|0|4|1|60|86400|60|2016-08-16 15:20:13|(0)|(59)|0001-01-01 00:00:00|0|0|0|1157|0.00000000000000000E+000|M|0|-1|0|0|empty|empty
1896684377507639283|1131278656|0|3|1|24|86400|24|2016-08-16 15:20:13|(0)|(23)|0001-01-01 00:00:00|0|0|0|1157|0.00000000000000000E+000|M|0|-1|0|0|empty|empty
1896684377507639283|1131278662|0|2|1|58|86400|86400|2016-08-16 14:38:50|(1)|(86399)|0001-01-01 00:00:00|0|0|0|1157|0.00000000000000000E+000|M|0|-1|0|0|empty|empty
1896684377507639283|1131278667|0|1|1|62|86400|86400|2016-08-16 14:38:50|('AAAAAAAAAAAABAAA')|('AAAAAAAAPPPNAAAA')|0001-01-01 00:00:00|0|0|0|1157|0.00000000000000000E+000|M|0|1600|0|0|empty|empty
1896684377507639283|1131278672|0|0|1|58|86400|86400|2016-08-16 14:38:50|(1)|(86399)|0001-01-01 00:00:00|0|0|0|1157|0.00000000000000000E+000|M|0|-1|0|0|empty|empty
1896684377507639283|1131278677|0|4|2|1|86400|1440|2016-08-16 15:20:13|(0,0)|(59,23)|0001-01-01 00:00:00|0|0|0|1157|0.00000000000000000E+000|M|0|-1|0|0|empty|empty
1896684377507639283|1131278677|1|3|2|1|86400|1440|2016-08-16 15:20:13|(0,0)|(59,23)|0001-01-01 00:00:00|0|0|0|1157|0.00000000000000000E+000|M|0|-1|0|0|empty|empty
