1896684377507638589|740487827|0|0|0|(-1)|.000|0|0|0|0|()|empty
1896684377507638589|740487827|1|1200|1|(-1)|.000|1200|0|0|0|(-1)|empty
1896684377507638589|740487827|2|1200|1|(0)|.000|1200|0|0|0|(0)|empty
1896684377507638589|740487827|3|1200|1|(1)|.000|1200|0|0|0|(1)|empty
1896684377507638589|740487827|4|1200|1|(2)|.000|1200|0|0|0|(2)|empty
1896684377507638589|740487827|5|1200|1|(3)|.000|1200|0|0|0|(3)|empty
1896684377507638589|740487827|6|1200|1|(4)|.000|1200|0|0|0|(4)|empty
1896684377507638589|740487832|0|0|0|(0)|.000|0|0|0|0|()|empty
1896684377507638589|740487832|1|720|1|(0)|.000|720|0|0|0|(0)|empty
1896684377507638589|740487832|2|720|1|(1)|.000|720|0|0|0|(1)|empty
1896684377507638589|740487832|3|720|1|(2)|.000|720|0|0|0|(2)|empty
1896684377507638589|740487832|4|720|1|(3)|.000|720|0|0|0|(3)|empty
1896684377507638589|740487832|5|720|1|(4)|.000|720|0|0|0|(4)|empty
1896684377507638589|740487832|6|720|1|(5)|.000|720|0|0|0|(5)|empty
1896684377507638589|740487832|7|720|1|(6)|.000|720|0|0|0|(6)|empty
1896684377507638589|740487832|8|720|1|(7)|.000|720|0|0|0|(7)|empty
1896684377507638589|740487832|9|720|1|(8)|.000|720|0|0|0|(8)|empty
1896684377507638589|740487832|10|720|1|(9)|.000|720|0|0|0|(9)|empty
1896684377507638589|740487837|0|0|0|('0-500')|.000|0|0|0|0|()|empty
1896684377507638589|740487837|1|1200|1|('0-500')|.000|1200|0|0|0|('0-500')|empty
1896684377507638589|740487837|2|1200|1|('1001-5000')|.000|1200|0|0|0|('1001-5000')|empty
1896684377507638589|740487837|3|1200|1|('5001-10000')|.000|1200|0|0|0|('5001-10000')|empty
1896684377507638589|740487837|4|1200|1|('501-1000')|.000|1200|0|0|0|('501-1000')|empty
1896684377507638589|740487837|5|1200|1|('>10000')|.000|1200|0|0|0|('>10000')|empty
1896684377507638589|740487837|6|1200|1|('Unknown')|.000|1200|0|0|0|('Unknown')|empty
1896684377507638589|740487842|0|0|0|(1)|.000|0|0|0|0|()|empty
1896684377507638589|740487842|1|360|1|(1)|.000|360|0|0|0|(1)|empty
1896684377507638589|740487842|2|360|1|(2)|.000|360|0|0|0|(2)|empty
1896684377507638589|740487842|3|360|1|(3)|.000|360|0|0|0|(3)|empty
1896684377507638589|740487842|4|360|1|(4)|.000|360|0|0|0|(4)|empty
1896684377507638589|740487842|5|360|1|(5)|.000|360|0|0|0|(5)|empty
1896684377507638589|740487842|6|360|1|(6)|.000|360|0|0|0|(6)|empty
1896684377507638589|740487842|7|360|1|(7)|.000|360|0|0|0|(7)|empty
1896684377507638589|740487842|8|360|1|(8)|.000|360|0|0|0|(8)|empty
1896684377507638589|740487842|9|360|1|(9)|.000|360|0|0|0|(9)|empty
1896684377507638589|740487842|10|360|1|(10)|.000|360|0|0|0|(10)|empty
1896684377507638589|740487842|11|360|1|(11)|.000|360|0|0|0|(11)|empty
1896684377507638589|740487842|12|360|1|(12)|.000|360|0|0|0|(12)|empty
1896684377507638589|740487842|13|360|1|(13)|.000|360|0|0|0|(13)|empty
1896684377507638589|740487842|14|360|1|(14)|.000|360|0|0|0|(14)|empty
1896684377507638589|740487842|15|360|1|(15)|.000|360|0|0|0|(15)|empty
1896684377507638589|740487842|16|360|1|(16)|.000|360|0|0|0|(16)|empty
1896684377507638589|740487842|17|360|1|(17)|.000|360|0|0|0|(17)|empty
1896684377507638589|740487842|18|360|1|(18)|.000|360|0|0|0|(18)|empty
1896684377507638589|740487842|19|360|1|(19)|.000|360|0|0|0|(19)|empty
1896684377507638589|740487842|20|360|1|(20)|.000|360|0|0|0|(20)|empty
1896684377507638589|740487847|0|0|0|(1)|.000|0|0|0|0|()|empty
1896684377507638589|740487847|1|150|150|(150)|.000|1|1|0|0|(1)|empty
1896684377507638589|740487847|2|150|150|(300)|.000|1|1|0|0|(151)|empty
1896684377507638589|740487847|3|150|150|(450)|.000|1|1|0|0|(301)|empty
1896684377507638589|740487847|4|150|150|(600)|.000|1|1|0|0|(451)|empty
1896684377507638589|740487847|5|150|150|(750)|.000|1|1|0|0|(601)|empty
1896684377507638589|740487847|6|150|150|(900)|.000|1|1|0|0|(751)|empty
1896684377507638589|740487847|7|150|150|(1050)|.000|1|1|0|0|(901)|empty
1896684377507638589|740487847|8|150|150|(1200)|.000|1|1|0|0|(1051)|empty
1896684377507638589|740487847|9|150|150|(1350)|.000|1|1|0|0|(1201)|empty
1896684377507638589|740487847|10|150|150|(1500)|.000|1|1|0|0|(1351)|empty
1896684377507638589|740487847|11|150|150|(1650)|.000|1|1|0|0|(1501)|empty
1896684377507638589|740487847|12|150|150|(1800)|.000|1|1|0|0|(1651)|empty
1896684377507638589|740487847|13|150|150|(1950)|.000|1|1|0|0|(1801)|empty
1896684377507638589|740487847|14|150|150|(2100)|.000|1|1|0|0|(1951)|empty
1896684377507638589|740487847|15|150|150|(2250)|.000|1|1|0|0|(2101)|empty
1896684377507638589|740487847|16|150|150|(2400)|.000|1|1|0|0|(2251)|empty
1896684377507638589|740487847|17|150|150|(2550)|.000|1|1|0|0|(2401)|empty
1896684377507638589|740487847|18|150|150|(2700)|.000|1|1|0|0|(2551)|empty
1896684377507638589|740487847|19|150|150|(2850)|.000|1|1|0|0|(2701)|empty
1896684377507638589|740487847|20|150|150|(3000)|.000|1|1|0|0|(2851)|empty
1896684377507638589|740487847|21|150|150|(3150)|.000|1|1|0|0|(3001)|empty
1896684377507638589|740487847|22|150|150|(3300)|.000|1|1|0|0|(3151)|empty
1896684377507638589|740487847|23|150|150|(3450)|.000|1|1|0|0|(3301)|empty
1896684377507638589|740487847|24|150|150|(3600)|.000|1|1|0|0|(3451)|empty
1896684377507638589|740487847|25|150|150|(3750)|.000|1|1|0|0|(3601)|empty
1896684377507638589|740487847|26|150|150|(3900)|.000|1|1|0|0|(3751)|empty
1896684377507638589|740487847|27|150|150|(4050)|.000|1|1|0|0|(3901)|empty
1896684377507638589|740487847|28|150|150|(4200)|.000|1|1|0|0|(4051)|empty
1896684377507638589|740487847|29|150|150|(4350)|.000|1|1|0|0|(4201)|empty
1896684377507638589|740487847|30|150|150|(4500)|.000|1|1|0|0|(4351)|empty
1896684377507638589|740487847|31|150|150|(4650)|.000|1|1|0|0|(4501)|empty
1896684377507638589|740487847|32|150|150|(4800)|.000|1|1|0|0|(4651)|empty
1896684377507638589|740487847|33|150|150|(4950)|.000|1|1|0|0|(4801)|empty
1896684377507638589|740487847|34|150|150|(5100)|.000|1|1|0|0|(4951)|empty
1896684377507638589|740487847|35|150|150|(5250)|.000|1|1|0|0|(5101)|empty
1896684377507638589|740487847|36|150|150|(5400)|.000|1|1|0|0|(5251)|empty
1896684377507638589|740487847|37|150|150|(5550)|.000|1|1|0|0|(5401)|empty
1896684377507638589|740487847|38|150|150|(5700)|.000|1|1|0|0|(5551)|empty
1896684377507638589|740487847|39|150|150|(5850)|.000|1|1|0|0|(5701)|empty
1896684377507638589|740487847|40|150|150|(6000)|.000|1|1|0|0|(5851)|empty
1896684377507638589|740487847|41|150|150|(6150)|.000|1|1|0|0|(6001)|empty
1896684377507638589|740487847|42|150|150|(6300)|.000|1|1|0|0|(6151)|empty
1896684377507638589|740487847|43|150|150|(6450)|.000|1|1|0|0|(6301)|empty
1896684377507638589|740487847|44|150|150|(6600)|.000|1|1|0|0|(6451)|empty
1896684377507638589|740487847|45|150|150|(6750)|.000|1|1|0|0|(6601)|empty
1896684377507638589|740487847|46|150|150|(6900)|.000|1|1|0|0|(6751)|empty
1896684377507638589|740487847|47|150|150|(7050)|.000|1|1|0|0|(6901)|empty
1896684377507638589|740487847|48|150|150|(7200)|.000|1|1|0|0|(7051)|empty
