1896684377507638119|734488383|0|0|0|('N')|.000|0|0|0|0|()|empty
1896684377507638119|734488383|1|72771|1|('N')|.000|72770|0|0|0|('N')|empty
1896684377507638119|734488383|2|278|1|('Y')|.000|278|0|0|0|('Y')|empty
1896684377507638119|734488388|0|0|0|('N')|.000|0|0|0|0|()|empty
1896684377507638119|734488388|1|73013|1|('N')|.000|73012|0|0|0|('N')|empty
1896684377507638119|734488388|2|36|1|('Y')|.000|36|0|0|0|('Y')|empty
1896684377507638119|734488393|0|0|0|('N')|.000|0|0|0|0|()|empty
1896684377507638119|734488393|1|73028|1|('N')|.000|73027|0|0|0|('N')|empty
1896684377507638119|734488393|2|21|1|('Y')|.000|21|0|0|0|('Y')|empty
1896684377507638119|734488398|0|0|0|('N')|.000|0|0|0|0|()|empty
1896684377507638119|734488398|1|73049|1|('N')|.000|73049|0|0|0|('N')|empty
1896684377507638119|734488403|0|0|0|('N')|.000|0|0|0|0|()|empty
1896684377507638119|734488403|1|73049|1|('N')|.000|73049|0|0|0|('N')|empty
1896684377507638119|734488408|0|0|0|(2414932)|.000|0|0|0|0|()|empty
1896684377507638119|734488408|1|556|556|(2415549)|.000|1|1|0|0|(2414932)|empty
1896684377507638119|734488408|2|1311|1311|(2416899)|.000|1|0|0|0|(2416899)|empty
1896684377507638119|734488408|3|849|849|(2417667)|.000|1|0|0|0|(2417667)|empty
1896684377507638119|734488408|4|1062|1062|(2418777)|.000|1|0|0|0|(2418777)|empty
1896684377507638119|734488408|5|1341|1341|(2420061)|.000|1|0|0|0|(2420061)|empty
1896684377507638119|734488408|6|681|681|(2420770)|.000|1|0|0|0|(2420770)|empty
1896684377507638119|734488408|7|1480|1480|(2422051)|.000|1|0|0|0|(2422051)|empty
1896684377507638119|734488408|8|1641|1641|(2423584)|.000|1|1|0|0|(2422054)|empty
1896684377507638119|734488408|9|1641|1616|(2425330)|.000|7|3|0|0|(2423588)|empty
1896684377507638119|734488408|10|1641|1616|(2426914)|.000|7|3|0|0|(2425355)|empty
1896684377507638119|734488408|11|805|793|(2427640)|.000|7|3|0|0|(2427640)|empty
1896684377507638119|734488408|12|1663|1631|(2429150)|.000|14|7|0|0|(2428625)|empty
1896684377507638119|734488408|13|1224|1224|(2430411)|.000|1|0|0|0|(2430411)|empty
1896684377507638119|734488408|14|1626|1626|(2432199)|.000|1|1|0|0|(2430428)|empty
1896684377507638119|734488408|15|1634|1634|(2433655)|.000|1|1|0|0|(2432210)|empty
1896684377507638119|734488408|16|1634|1634|(2435152)|.000|1|1|0|0|(2433661)|empty
1896684377507638119|734488408|17|1634|1634|(2436756)|.000|1|1|0|0|(2435158)|empty
1896684377507638119|734488408|18|190|190|(2436896)|.000|1|1|0|0|(2436757)|empty
1896684377507638119|734488408|19|7|7|(2436952)|.000|1|0|0|0|(2436952)|empty
1896684377507638119|734488408|20|1626|1626|(2438496)|.000|1|1|0|0|(2436953)|empty
1896684377507638119|734488408|21|139|139|(2438661)|.000|1|1|0|0|(2438499)|empty
1896684377507638119|734488408|22|7|7|(2438729)|.000|1|0|0|0|(2438729)|empty
1896684377507638119|734488408|23|1619|1619|(2440311)|.000|1|1|0|0|(2438741)|empty
1896684377507638119|734488408|24|527|527|(2440893)|.000|1|0|0|0|(2440893)|empty
1896684377507638119|734488408|25|1656|1656|(2442386)|.000|1|1|0|0|(2440903)|empty
1896684377507638119|734488408|26|1656|1656|(2444056)|.000|1|1|0|0|(2442390)|empty
1896684377507638119|734488408|27|1656|1656|(2445669)|.000|1|1|0|0|(2444063)|empty
1896684377507638119|734488408|28|1407|1407|(2447054)|.000|1|0|0|0|(2447054)|empty
1896684377507638119|734488408|29|1568|1568|(2448471)|.000|1|1|0|0|(2447055)|empty
1896684377507638119|734488408|30|7|7|(2448524)|.000|1|0|0|0|(2448524)|empty
1896684377507638119|734488408|31|1604|1604|(2450143)|.000|1|1|0|0|(2448545)|empty
1896684377507638119|734488408|32|1604|1604|(2451698)|.000|1|1|0|0|(2450149)|empty
1896684377507638119|734488408|33|900|900|(2452628)|.000|1|0|0|0|(2452628)|empty
1896684377507638119|734488408|34|1641|1641|(2454376)|.000|1|1|0|0|(2452632)|empty
1896684377507638119|734488408|35|1641|1641|(2456139)|.000|1|1|0|0|(2454377)|empty
1896684377507638119|734488408|36|1641|1641|(2457678)|.000|1|1|0|0|(2456140)|empty
1896684377507638119|734488408|37|1641|1619|(2459456)|.000|7|3|0|0|(2457714)|empty
1896684377507638119|734488408|38|1641|1612|(2461178)|.000|14|7|0|0|(2459762)|empty
1896684377507638119|734488408|39|1641|1619|(2462793)|.000|7|3|0|0|(2461182)|empty
1896684377507638119|734488408|40|1640|1619|(2464442)|.000|7|3|0|0|(2462801)|empty
1896684377507638119|734488408|41|395|395|(2464868)|.000|1|1|0|0|(2464469)|empty
1896684377507638119|734488408|42|7|7|(2464930)|.000|1|0|0|0|(2464930)|empty
1896684377507638119|734488408|43|1611|1611|(2466621)|.000|1|1|0|0|(2464931)|empty
1896684377507638119|734488408|44|1611|1611|(2468198)|.000|1|1|0|0|(2466622)|empty
1896684377507638119|734488408|45|1611|1542|(2469624)|.000|14|7|0|0|(2468893)|empty
1896684377507638119|734488408|46|1611|1549|(2471468)|.000|7|3|0|0|(2469625)|empty
1896684377507638119|734488408|47|1611|1542|(2473180)|.000|14|7|0|0|(2472546)|empty
1896684377507638119|734488408|48|1611|1542|(2474695)|.000|14|7|0|0|(2473185)|empty
1896684377507638119|734488408|49|1611|1611|(2476546)|.000|1|1|0|0|(2474698)|empty
1896684377507638119|734488408|50|1611|1611|(2478011)|.000|1|1|0|0|(2476548)|empty
1896684377507638119|734488408|51|1611|1611|(2479640)|.000|1|1|0|0|(2478017)|empty
1896684377507638119|734488408|52|1171|1171|(2480975)|.000|1|1|0|0|(2479646)|empty
1896684377507638119|734488408|53|7|7|(2481036)|.000|1|0|0|0|(2481036)|empty
1896684377507638119|734488408|54|1376|1376|(2482400)|.000|1|1|0|0|(2481046)|empty
1896684377507638119|734488408|55|1376|1376|(2484008)|.000|1|1|0|0|(2482405)|empty
1896684377507638119|734488408|56|1376|1376|(2485231)|.000|1|1|0|0|(2484009)|empty
1896684377507638119|734488408|57|615|615|(2485836)|.000|1|1|0|0|(2485233)|empty
1896684377507638119|734488408|58|7|7|(2485895)|.000|1|0|0|0|(2485895)|empty
1896684377507638119|734488408|59|1069|1069|(2486917)|.000|1|1|0|0|(2485898)|empty
1896684377507638119|734488408|60|1069|1069|(2487973)|.000|1|1|0|0|(2486923)|empty
1896684377507638119|734488413|0|0|0|(2414659)|.000|0|0|0|0|()|empty
1896684377507638119|734488413|1|556|556|(2415275)|.000|1|1|0|0|(2414659)|empty
1896684377507638119|734488413|2|1311|1311|(2416624)|.000|1|0|0|0|(2416624)|empty
1896684377507638119|734488413|3|849|849|(2417392)|.000|1|0|0|0|(2417392)|empty
1896684377507638119|734488413|4|1062|1062|(2418503)|.000|1|0|0|0|(2418503)|empty
1896684377507638119|734488413|5|1341|1341|(2419788)|.000|1|0|0|0|(2419788)|empty
1896684377507638119|734488413|6|673|673|(2420443)|.000|1|1|0|0|(2419795)|empty
1896684377507638119|734488413|7|7|7|(2420497)|.000|1|0|0|0|(2420497)|empty
1896684377507638119|734488413|8|1480|1480|(2421777)|.000|1|0|0|0|(2421777)|empty
1896684377507638119|734488413|9|1641|1641|(2423310)|.000|1|1|0|0|(2421780)|empty
1896684377507638119|734488413|10|1641|1641|(2425055)|.000|1|1|0|0|(2423314)|empty
1896684377507638119|734488413|11|1641|1641|(2426640)|.000|1|1|0|0|(2425080)|empty
1896684377507638119|734488413|12|805|805|(2427367)|.000|1|0|0|0|(2427367)|empty
1896684377507638119|734488413|13|1663|1663|(2428877)|.000|1|1|0|0|(2427370)|empty
1896684377507638119|734488413|14|1224|1224|(2430136)|.000|1|0|0|0|(2430136)|empty
1896684377507638119|734488413|15|1626|1626|(2431924)|.000|1|1|0|0|(2430153)|empty
1896684377507638119|734488413|16|1634|1634|(2433380)|.000|1|1|0|0|(2431935)|empty
1896684377507638119|734488413|17|1634|1634|(2434877)|.000|1|1|0|0|(2433386)|empty
1896684377507638119|734488413|18|1634|1634|(2436483)|.000|1|1|0|0|(2434883)|empty
1896684377507638119|734488413|19|190|190|(2436623)|.000|1|1|0|0|(2436484)|empty
1896684377507638119|734488413|20|7|7|(2436677)|.000|1|0|0|0|(2436677)|empty
1896684377507638119|734488413|21|1626|1626|(2438221)|.000|1|1|0|0|(2436678)|empty
1896684377507638119|734488413|22|139|139|(2438387)|.000|1|1|0|0|(2438224)|empty
1896684377507638119|734488413|23|7|7|(2438456)|.000|1|0|0|0|(2438456)|empty
1896684377507638119|734488413|24|1619|1619|(2440036)|.000|1|1|0|0|(2438468)|empty
1896684377507638119|734488413|25|1619|1619|(2441663)|.000|1|1|0|0|(2440045)|empty
1896684377507638119|734488413|26|1619|1619|(2443111)|.000|1|1|0|0|(2441679)|empty
1896684377507638119|734488413|27|1619|1619|(2444808)|.000|1|1|0|0|(2443112)|empty
1896684377507638119|734488413|28|695|695|(2445500)|.000|1|0|0|0|(2445500)|empty
1896684377507638119|734488413|29|1348|1322|(2446781)|.000|7|3|0|0|(2446781)|empty
1896684377507638119|734488413|30|1568|1538|(2448198)|.000|7|3|0|0|(2446782)|empty
1896684377507638119|734488413|31|7|7|(2448251)|.000|7|3|0|0|(2448251)|empty
1896684377507638119|734488413|32|1604|1566|(2449868)|.000|14|7|0|0|(2448316)|empty
1896684377507638119|734488413|33|1604|1604|(2451423)|.000|1|1|0|0|(2449874)|empty
1896684377507638119|734488413|34|900|900|(2452355)|.000|1|0|0|0|(2452355)|empty
1896684377507638119|734488413|35|1641|1641|(2454103)|.000|1|1|0|0|(2452359)|empty
1896684377507638119|734488413|36|1641|1641|(2455865)|.000|1|1|0|0|(2454104)|empty
1896684377507638119|734488413|37|1641|1641|(2457404)|.000|1|1|0|0|(2455866)|empty
1896684377507638119|734488413|38|1641|1641|(2459183)|.000|1|1|0|0|(2457440)|empty
1896684377507638119|734488413|39|1641|1641|(2460904)|.000|1|1|0|0|(2459184)|empty
1896684377507638119|734488413|40|1641|1641|(2462520)|.000|1|1|0|0|(2460908)|empty
1896684377507638119|734488413|41|1641|1641|(2464168)|.000|1|1|0|0|(2462528)|empty
1896684377507638119|734488413|42|395|395|(2464593)|.000|1|1|0|0|(2464195)|empty
1896684377507638119|734488413|43|7|7|(2464656)|.000|1|0|0|0|(2464656)|empty
1896684377507638119|734488413|44|1612|1612|(2466347)|.000|1|1|0|0|(2464657)|empty
1896684377507638119|734488413|45|1612|1612|(2467925)|.000|1|1|0|0|(2466348)|empty
1896684377507638119|734488413|46|1611|1611|(2469350)|.000|1|1|0|0|(2467938)|empty
1896684377507638119|734488413|47|1611|1611|(2471195)|.000|1|1|0|0|(2469352)|empty
1896684377507638119|734488413|48|1611|1611|(2472905)|.000|1|1|0|0|(2471197)|empty
1896684377507638119|734488413|49|1611|1611|(2474421)|.000|1|1|0|0|(2472910)|empty
1896684377507638119|734488413|50|1611|1611|(2476271)|.000|1|1|0|0|(2474424)|empty
1896684377507638119|734488413|51|1611|1611|(2477736)|.000|1|1|0|0|(2476273)|empty
1896684377507638119|734488413|52|1611|1611|(2479367)|.000|1|1|0|0|(2477742)|empty
1896684377507638119|734488413|53|1171|1171|(2480701)|.000|1|1|0|0|(2479373)|empty
1896684377507638119|734488413|54|7|7|(2480762)|.000|1|0|0|0|(2480762)|empty
1896684377507638119|734488413|55|1376|1376|(2482125)|.000|1|1|0|0|(2480772)|empty
1896684377507638119|734488413|56|1376|1376|(2483734)|.000|1|1|0|0|(2482130)|empty
1896684377507638119|734488413|57|1376|1376|(2484956)|.000|1|1|0|0|(2483735)|empty
1896684377507638119|734488413|58|615|615|(2485563)|.000|1|1|0|0|(2484958)|empty
1896684377507638119|734488413|59|7|7|(2485620)|.000|1|0|0|0|(2485620)|empty
1896684377507638119|734488413|60|1069|1069|(2486643)|.000|1|1|0|0|(2485623)|empty
1896684377507638119|734488413|61|1069|1069|(2487700)|.000|1|1|0|0|(2486649)|empty
1896684377507638119|734488418|0|0|0|(2415020)|.000|0|0|0|0|()|empty
1896684377507638119|734488418|1|1516|52|(2416783)|1.072|65|51|0|0|(2416233)|empty
1896684377507638119|734488418|2|1495|46|(2418123)|1.396|65|65|0|0|(2417148)|empty
1896684377507638119|734488418|3|1517|52|(2419705)|1.299|58|58|0|0|(2418790)|empty
1896684377507638119|734488418|4|1480|50|(2421167)|1.207|58|58|0|0|(2419828)|empty
1896684377507638119|734488418|5|1517|42|(2422505)|.901|65|58|0|0|(2421897)|empty
1896684377507638119|734488418|6|1524|48|(2423966)|1.216|65|58|0|0|(2422812)|empty
1896684377507638119|734488418|7|1524|55|(2425610)|1.036|51|43|0|0|(2425246)|empty
1896684377507638119|734488418|8|1524|48|(2427071)|1.010|65|51|0|0|(2426404)|empty
1896684377507638119|734488418|9|1517|46|(2428411)|1.944|73|73|0|0|(2427741)|empty
1896684377507638119|734488418|10|1509|45|(2429810)|.974|58|58|0|0|(2428714)|empty
1896684377507638119|734488418|11|1524|56|(2431456)|1.189|58|51|0|0|(2429872)|empty
1896684377507638119|734488418|12|1509|48|(2432977)|1.361|73|65|0|0|(2432977)|empty
1896684377507638119|734488418|13|1502|47|(2434378)|.833|58|58|0|0|(2433403)|empty
1896684377507638119|734488418|14|1524|44|(2435776)|1.084|58|58|0|0|(2434500)|empty
1896684377507638119|734488418|15|1495|48|(2437237)|1.342|58|51|0|0|(2436931)|empty
1896684377507638119|734488418|16|1517|50|(2438698)|1.506|65|58|0|0|(2438395)|empty
1896684377507638119|734488418|17|1509|50|(2440222)|1.200|51|51|0|0|(2438941)|empty
1896684377507638119|734488418|18|1509|50|(2441745)|1.555|65|58|0|0|(2441376)|empty
1896684377507638119|734488418|19|1495|47|(2443144)|1.176|58|58|0|0|(2442169)|empty
1896684377507638119|734488418|20|1524|53|(2444723)|1.486|65|58|0|0|(2443266)|empty
1896684377507638119|734488418|21|1509|47|(2446188)|.881|58|51|0|0|(2445759)|empty
1896684377507638119|734488418|22|1502|44|(2447587)|1.089|73|51|0|0|(2446370)|empty
1896684377507638119|734488418|23|1509|49|(2449050)|1.534|58|58|0|0|(2448375)|empty
1896684377507638119|734488418|24|1531|48|(2450511)|1.420|65|58|0|0|(2450386)|empty
1896684377507638119|734488418|25|1524|50|(2452028)|1.463|58|58|0|0|(2450571)|empty
1896684377507638119|734488418|26|1494|52|(2453611)|1.070|51|51|0|0|(2452032)|empty
1896684377507638119|734488418|27|1508|55|(2455256)|1.400|58|58|0|0|(2453733)|empty
1896684377507638119|734488418|28|1508|50|(2456776)|1.529|65|58|0|0|(2455624)|empty
1896684377507638119|734488418|29|1516|51|(2458240)|1.707|65|58|0|0|(2457936)|empty
1896684377507638119|734488418|30|1530|54|(2459882)|1.135|51|51|0|0|(2458546)|empty
1896684377507638119|734488418|31|1530|56|(2461524)|1.096|51|51|0|0|(2460185)|empty
1896684377507638119|734488418|32|1523|48|(2462988)|1.266|65|58|0|0|(2462804)|empty
1896684377507638119|734488418|33|1530|51|(2464568)|1.112|58|58|0|0|(2463232)|empty
1896684377507638119|734488418|34|915|30|(2465486)|1.501|58|58|0|0|(2464693)|empty
1896684377507638119|734488418|35|21|1|(2465604)|.000|21|0|0|0|(2465604)|empty
1896684377507638119|734488418|36|1567|58|(2467309)|1.569|65|58|0|0|(2466518)|empty
1896684377507638119|734488418|37|1581|45|(2468649)|1.308|80|58|0|0|(2468526)|empty
1896684377507638119|734488418|38|1581|51|(2470231)|1.583|58|58|0|0|(2468892)|empty
1896684377507638119|734488418|39|1581|57|(2471995)|1.209|58|51|0|0|(2470718)|empty
1896684377507638119|734488418|40|1567|53|(2473579)|1.370|73|51|0|0|(2473456)|empty
1896684377507638119|734488418|41|1581|53|(2475162)|1.243|65|58|0|0|(2474311)|empty
1896684377507638119|734488418|42|1552|58|(2476869)|1.222|65|51|0|0|(2475223)|empty
1896684377507638119|734488418|43|1559|45|(2478326)|.916|65|58|0|0|(2477051)|empty
1896684377507638119|734488418|44|1567|51|(2479909)|1.290|65|58|0|0|(2479485)|empty
1896684377507638119|734488418|45|1581|64|(2481797)|1.280|51|51|0|0|(2480946)|empty
1896684377507638119|734488418|46|1611|56|(2483501)|1.322|73|58|0|0|(2482589)|empty
1896684377507638119|734488418|47|1611|52|(2485025)|1.091|65|58|0|0|(2484719)|empty
1896684377507638119|734488418|48|1611|52|(2486608)|1.348|73|58|0|0|(2485875)|empty
1896684377507638119|734488418|49|1618|52|(2488372)|1.063|65|58|0|0|(2486974)|empty
1896684377507638119|734488423|0|0|0|(2415021)|.000|0|0|0|0|()|empty
1896684377507638119|734488423|1|1516|52|(2416602)|1.072|65|51|0|0|(2416175)|empty
1896684377507638119|734488423|2|1480|47|(2418002)|1.445|65|65|0|0|(2416816)|empty
1896684377507638119|734488423|3|1502|50|(2419494)|1.296|58|58|0|0|(2418732)|empty
1896684377507638119|734488423|4|1509|51|(2421016)|1.195|58|58|0|0|(2419616)|empty
1896684377507638119|734488423|5|1495|42|(2422325)|.869|65|58|0|0|(2421564)|empty
1896684377507638119|734488423|6|1524|49|(2423786)|1.298|65|58|0|0|(2422569)|empty
1896684377507638119|734488423|7|1509|53|(2425368)|.951|51|43|0|0|(2425247)|empty
1896684377507638119|734488423|8|1524|50|(2426860)|1.115|65|51|0|0|(2426374)|empty
1896684377507638119|734488423|9|1524|45|(2428200)|1.893|73|73|0|0|(2427408)|empty
1896684377507638119|734488423|10|1517|46|(2429599)|1.204|58|58|0|0|(2428625)|empty
1896684377507638119|734488423|11|1509|55|(2431243)|.999|51|51|0|0|(2430269)|empty
1896684377507638119|734488423|12|1487|50|(2432765)|1.338|73|65|0|0|(2432765)|empty
1896684377507638119|734488423|13|1517|47|(2434195)|.948|58|58|0|0|(2432918)|empty
1896684377507638119|734488423|14|1495|43|(2435534)|1.088|58|58|0|0|(2434257)|empty
1896684377507638119|734488423|15|1509|48|(2436966)|1.356|58|51|0|0|(2436751)|empty
1896684377507638119|734488423|16|1502|50|(2438456)|1.506|65|58|0|0|(2438396)|empty
1896684377507638119|734488423|17|270|9|(2438731)|.974|43|43|0|0|(2438548)|empty
1896684377507638119|734488423|18|36|1|(2438821)|.000|36|0|0|0|(2438821)|empty
1896684377507638119|734488423|19|1546|51|(2440343)|1.449|58|58|0|0|(2440192)|empty
1896684377507638119|734488423|20|1517|51|(2441896)|1.441|65|51|0|0|(2441165)|empty
1896684377507638119|734488423|21|1560|45|(2443265)|1.072|65|58|0|0|(2443023)|empty
1896684377507638119|734488423|22|1553|55|(2444879)|1.277|58|58|0|0|(2443418)|empty
1896684377507638119|734488423|23|1539|48|(2446371)|1.425|73|58|0|0|(2446036)|empty
1896684377507638119|734488423|24|1531|48|(2447862)|.802|51|51|0|0|(2446613)|empty
1896684377507638119|734488423|25|1524|47|(2449293)|1.520|58|58|0|0|(2448136)|empty
1896684377507638119|734488423|26|1539|50|(2450815)|1.461|65|58|0|0|(2450053)|empty
1896684377507638119|734488423|27|1568|52|(2452366)|1.329|58|58|0|0|(2451300)|empty
1896684377507638119|734488423|28|1560|54|(2454010)|1.394|58|58|0|0|(2453553)|empty
1896684377507638119|734488423|29|1567|56|(2455714)|1.320|65|58|0|0|(2455594)|empty
1896684377507638119|734488423|30|1538|50|(2457175)|1.599|58|58|0|0|(2456233)|empty
1896684377507638119|734488423|31|1581|58|(2458881)|1.546|65|58|0|0|(2457663)|empty
1896684377507638119|734488423|32|1538|52|(2460463)|.957|51|51|0|0|(2459216)|empty
1896684377507638119|734488423|33|1581|56|(2462107)|1.280|58|58|0|0|(2461527)|empty
1896684377507638119|734488423|34|1581|51|(2463689)|1.293|65|58|0|0|(2462654)|empty
1896684377507638119|734488423|35|1574|52|(2465333)|1.330|58|58|0|0|(2464145)|empty
1896684377507638119|734488423|36|1545|55|(2467006)|1.457|65|58|0|0|(2466337)|empty
1896684377507638119|734488423|37|1516|47|(2468406)|1.204|58|51|0|0|(2468347)|empty
1896684377507638119|734488423|38|1574|47|(2469867)|1.758|80|58|0|0|(2468437)|empty
1896684377507638119|734488423|39|1596|58|(2471665)|1.184|58|51|0|0|(2470446)|empty
1896684377507638119|734488423|40|1567|54|(2473276)|1.398|73|51|0|0|(2473276)|empty
1896684377507638119|734488423|41|1596|53|(2474860)|1.162|65|58|0|0|(2474069)|empty
1896684377507638119|734488423|42|1603|60|(2476656)|1.151|65|51|0|0|(2474890)|empty
1896684377507638119|734488423|43|1603|46|(2478117)|.846|65|58|0|0|(2476717)|empty
1896684377507638119|734488423|44|1552|51|(2479701)|1.174|65|58|0|0|(2479395)|empty
1896684377507638119|734488423|45|1596|63|(2481555)|1.339|58|51|0|0|(2479729)|empty
1896684377507638119|734488423|46|1596|56|(2483261)|1.299|73|58|0|0|(2482408)|empty
1896684377507638119|734488423|47|1603|52|(2484814)|1.161|65|58|0|0|(2484569)|empty
1896684377507638119|734488423|48|1618|53|(2486425)|1.321|73|58|0|0|(2485695)|empty
1896684377507638119|734488423|49|1662|53|(2488039)|1.074|65|58|0|0|(2486975)|empty
1896684377507638119|734488428|0|0|0|('N')|.000|0|0|0|0|()|empty
1896684377507638119|734488428|1|72339|1|('N')|.000|72338|0|0|0|('N')|empty
1896684377507638119|734488428|2|710|1|('Y')|.000|710|0|0|0|('Y')|empty
1896684377507638119|734488433|0|0|0|('N')|.000|0|0|0|0|()|empty
1896684377507638119|734488433|1|52572|1|('N')|.000|52571|0|0|0|('N')|empty
1896684377507638119|734488433|2|20477|1|('Y')|.000|20477|0|0|0|('Y')|empty
1896684377507638119|734488438|0|0|0|('N')|.000|0|0|0|0|()|empty
1896684377507638119|734488438|1|72405|1|('N')|.000|72404|0|0|0|('N')|empty
1896684377507638119|734488438|2|644|1|('Y')|.000|644|0|0|0|('Y')|empty
1896684377507638119|734488443|0|0|0|('1900Q1')|.000|0|0|0|0|()|empty
1896684377507638119|734488443|1|1047|12|('1902Q4')|.000|109|109|0|0|('1902Q2')|empty
1896684377507638119|734488443|2|1099|12|('1905Q4')|.000|139|131|0|0|('1903Q1')|empty
1896684377507638119|734488443|3|1143|12|('1908Q4')|.000|124|117|0|0|('1908Q2')|empty
1896684377507638119|734488443|4|1114|12|('1911Q4')|.000|153|117|0|0|('1911Q2')|empty
1896684377507638119|734488443|5|1158|13|('1915Q1')|.000|131|117|0|0|('1912Q3')|empty
1896684377507638119|734488443|6|1114|11|('1917Q4')|.000|153|124|0|0|('1917Q4')|empty
1896684377507638119|734488443|7|1143|11|('1920Q3')|.000|124|117|0|0|('1918Q3')|empty
1896684377507638119|734488443|8|1128|12|('1923Q3')|.000|117|109|0|0|('1921Q1')|empty
1896684377507638119|734488443|9|1172|14|('1927Q1')|.000|109|102|0|0|('1926Q4')|empty
1896684377507638119|734488443|10|1172|13|('1930Q2')|.000|124|109|0|0|('1929Q3')|empty
1896684377507638119|734488443|11|1143|12|('1933Q2')|.000|139|124|0|0|('1931Q1')|empty
1896684377507638119|734488443|12|1180|11|('1936Q1')|.000|175|139|0|0|('1935Q2')|empty
1896684377507638119|734488443|13|1180|12|('1939Q1')|.000|139|131|0|0|('1937Q4')|empty
1896684377507638119|734488443|14|1128|13|('1942Q2')|.000|117|102|0|0|('1939Q2')|empty
1896684377507638119|734488443|15|1150|14|('1945Q4')|.000|124|117|0|0|('1945Q4')|empty
1896684377507638119|734488443|16|1180|12|('1948Q4')|.000|131|124|0|0|('1948Q3')|empty
1896684377507638119|734488443|17|1172|12|('1951Q4')|.000|139|117|0|0|('1949Q1')|empty
1896684377507638119|734488443|18|1136|11|('1954Q3')|.000|131|131|0|0|('1953Q1')|empty
1896684377507638119|734488443|19|1136|13|('1957Q4')|.000|124|109|0|0|('1955Q4')|empty
1896684377507638119|734488443|20|1106|11|('1960Q3')|.000|139|117|0|0|('1958Q2')|empty
1896684377507638119|734488443|21|1143|12|('1963Q3')|.000|153|124|0|0|('1961Q3')|empty
1896684377507638119|734488443|22|1180|13|('1966Q4')|.000|124|117|0|0|('1965Q2')|empty
1896684377507638119|734488443|23|1143|13|('1970Q1')|.000|124|117|0|0|('1967Q4')|empty
1896684377507638119|734488443|24|1172|13|('1973Q2')|.455|153|109|0|0|('1971Q3')|empty
1896684377507638119|734488443|25|1121|11|('1976Q1')|.000|139|124|0|0|('1975Q1')|empty
1896684377507638119|734488443|26|1194|13|('1979Q2')|2.110|139|131|0|0|('1977Q2')|empty
1896684377507638119|734488443|27|1202|13|('1982Q3')|.000|124|124|0|0|('1981Q2')|empty
1896684377507638119|734488443|28|1143|12|('1985Q3')|2.885|175|139|0|0|('1984Q4')|empty
1896684377507638119|734488443|29|1172|12|('1988Q3')|.000|109|109|0|0|('1986Q1')|empty
1896684377507638119|734488443|30|1187|12|('1991Q3')|.000|139|124|0|0|('1990Q3')|empty
1896684377507638119|734488443|31|1150|12|('1994Q3')|.986|146|131|0|0|('1993Q3')|empty
1896684377507638119|734488443|32|1106|13|('1997Q4')|1.536|168|109|0|0|('1996Q3')|empty
1896684377507638119|734488443|33|1106|12|('2000Q4')|.000|131|124|0|0|('1998Q2')|empty
1896684377507638119|734488443|34|1172|14|('2004Q2')|.000|117|109|0|0|('2001Q1')|empty
1896684377507638119|734488443|35|1142|13|('2007Q3')|1.622|146|124|0|0|('2004Q4')|empty
1896684377507638119|734488443|36|1208|14|('2011Q1')|.000|109|109|0|0|('2009Q3')|empty
1896684377507638119|734488443|37|1120|12|('2014Q1')|1.280|153|124|0|0|('2013Q3')|empty
1896684377507638119|734488443|38|1142|12|('2017Q1')|.000|139|117|0|0|('2015Q2')|empty
1896684377507638119|734488443|39|1215|15|('2020Q4')|.000|131|117|0|0|('2019Q1')|empty
1896684377507638119|734488443|40|1171|13|('2024Q1')|.000|109|109|0|0|('2021Q3')|empty
1896684377507638119|734488443|41|1164|14|('2027Q3')|.000|124|117|0|0|('2024Q3')|empty
1896684377507638119|734488443|42|1186|12|('2030Q3')|.000|131|109|0|0|('2030Q2')|empty
1896684377507638119|734488443|43|1208|14|('2034Q1')|.000|139|95|0|0|('2032Q1')|empty
1896684377507638119|734488443|44|1215|14|('2037Q3')|.000|131|117|0|0|('2034Q3')|empty
1896684377507638119|734488443|45|1230|14|('2041Q1')|1.210|146|124|0|0|('2037Q4')|empty
1896684377507638119|734488443|46|1230|14|('2044Q3')|.000|124|117|0|0|('2043Q3')|empty
1896684377507638119|734488443|47|1208|12|('2047Q3')|1.624|153|139|0|0|('2045Q3')|empty
1896684377507638119|734488443|48|1179|12|('2050Q3')|.000|131|131|0|0|('2048Q1')|empty
1896684377507638119|734488443|49|1215|15|('2054Q2')|.000|124|109|0|0|('2054Q2')|empty
1896684377507638119|734488443|50|1186|14|('2057Q4')|.000|109|109|0|0|('2056Q2')|empty
1896684377507638119|734488443|51|1201|13|('2061Q1')|.000|124|102|0|0|('2059Q3')|empty
1896684377507638119|734488443|52|1252|13|('2064Q2')|.000|131|117|0|0|('2062Q3')|empty
1896684377507638119|734488443|53|1230|16|('2068Q2')|.000|109|95|0|0|('2064Q4')|empty
1896684377507638119|734488443|54|1259|13|('2071Q3')|.000|139|124|0|0|('2068Q4')|empty
1896684377507638119|734488443|55|1259|13|('2074Q4')|.000|131|124|0|0|('2072Q1')|empty
1896684377507638119|734488443|56|1223|15|('2078Q3')|1.113|117|117|0|0|('2076Q2')|empty
1896684377507638119|734488443|57|1208|15|('2082Q2')|.000|124|109|0|0|('2080Q2')|empty
1896684377507638119|734488443|58|1281|15|('2086Q1')|1.469|146|131|0|0|('2084Q3')|empty
1896684377507638119|734488443|59|1230|14|('2089Q3')|.000|117|109|0|0|('2088Q4')|empty
1896684377507638119|734488443|60|1296|13|('2092Q4')|.000|146|124|0|0|('2090Q4')|empty
1896684377507638119|734488443|61|1252|14|('2096Q2')|.000|161|109|0|0|('2093Q3')|empty
1896684377507638119|734488443|62|1347|14|('2099Q4')|.000|124|109|0|0|('2097Q1')|empty
1896684377507638119|734488448|0|0|0|('Friday')|.000|0|0|0|0|()|empty
1896684377507638119|734488448|1|10092|1|('Friday')|.000|10092|0|0|0|('Friday')|empty
1896684377507638119|734488448|2|10320|1|('Monday')|.000|10319|0|0|0|('Monday')|empty
1896684377507638119|734488448|3|10386|1|('Saturday')|.000|10385|0|0|0|('Saturday')|empty
1896684377507638119|734488448|4|10349|1|('Sunday')|.000|10348|0|0|0|('Sunday')|empty
1896684377507638119|734488448|5|10518|1|('Thursday')|.000|10517|0|0|0|('Thursday')|empty
1896684377507638119|734488448|6|10443|1|('Tuesday')|.000|10443|0|0|0|('Tuesday')|empty
1896684377507638119|734488448|7|10941|1|('Wednesday')|.000|10941|0|0|0|('Wednesday')|empty
1896684377507638119|734488453|0|0|0|(1)|.000|0|0|0|0|()|empty
1896684377507638119|734488453|1|563|98|(89)|.476|29|21|0|0|(48)|empty
1896684377507638119|734488453|2|1304|211|(282)|.466|29|21|0|0|(230)|empty
1896684377507638119|734488453|3|849|118|(391)|.679|29|29|0|0|(285)|empty
1896684377507638119|734488453|4|1070|176|(550)|.499|21|21|0|0|(402)|empty
1896684377507638119|734488453|5|1333|198|(734)|.544|29|21|0|0|(574)|empty
1896684377507638119|734488453|6|673|108|(827)|.530|29|21|0|0|(735)|empty
1896684377507638119|734488453|7|7|1|(835)|.000|7|3|0|0|(835)|empty
1896684377507638119|734488453|8|1626|228|(1035)|.559|36|29|0|0|(978)|empty
1896684377507638119|734488453|9|1641|239|(1260)|.548|29|29|0|0|(1081)|empty
1896684377507638119|734488453|10|1641|253|(1510)|.416|29|21|0|0|(1274)|empty
1896684377507638119|734488453|11|1641|218|(1732)|.505|29|29|0|0|(1624)|empty
1896684377507638119|734488453|12|1619|194|(1942)|.613|29|29|0|0|(1755)|empty
1896684377507638119|734488453|13|1641|224|(2164)|.532|29|29|0|0|(1944)|empty
1896684377507638119|734488453|14|1634|304|(2427)|.426|21|21|0|0|(2166)|empty
1896684377507638119|734488453|15|1641|226|(2637)|.591|36|29|0|0|(2559)|empty
1896684377507638119|734488453|16|1634|243|(2853)|.472|29|21|0|0|(2850)|empty
1896684377507638119|734488453|17|1634|222|(3083)|.507|29|29|0|0|(2884)|empty
1896684377507638119|734488453|18|468|63|(3146)|.759|29|29|0|0|(3107)|empty
1896684377507638119|734488453|19|1619|222|(3366)|.533|29|29|0|0|(3216)|empty
1896684377507638119|734488453|20|146|27|(3391)|.471|14|14|0|0|(3367)|empty
1896684377507638119|734488453|21|7|1|(3400)|.000|7|3|0|0|(3400)|empty
1896684377507638119|734488453|22|1619|243|(3626)|.583|29|29|0|0|(3518)|empty
1896684377507638119|734488453|23|527|88|(3710)|.626|29|21|0|0|(3671)|empty
1896684377507638119|734488453|24|1648|229|(3922)|.533|21|21|0|0|(3721)|empty
1896684377507638119|734488453|25|1656|231|(4160)|.579|29|21|0|0|(3971)|empty
1896684377507638119|734488453|26|1656|237|(4391)|.569|29|29|0|0|(4290)|empty
1896684377507638119|734488453|27|1656|210|(4617)|.584|29|29|0|0|(4500)|empty
1896684377507638119|734488453|28|1326|178|(4792)|.636|29|29|0|0|(4699)|empty
1896684377507638119|734488453|29|7|1|(4800)|.000|7|3|0|0|(4800)|empty
1896684377507638119|734488453|30|1604|238|(5031)|.471|29|21|0|0|(4908)|empty
1896684377507638119|734488453|31|1604|236|(5253)|.442|21|21|0|0|(5038)|empty
1896684377507638119|734488453|32|1604|213|(5484)|.491|29|29|0|0|(5273)|empty
1896684377507638119|734488453|33|1597|257|(5742)|.458|29|21|0|0|(5639)|empty
1896684377507638119|734488453|34|1590|224|(5967)|.699|36|29|0|0|(5934)|empty
1896684377507638119|734488453|35|1604|228|(6208)|.510|29|21|0|0|(6095)|empty
1896684377507638119|734488453|36|1604|231|(6438)|.456|29|21|0|0|(6430)|empty
1896684377507638119|734488453|37|1604|309|(6686)|.481|29|29|0|0|(6552)|empty
1896684377507638119|734488453|38|1590|206|(6900)|.601|36|29|0|0|(6890)|empty
1896684377507638119|734488453|39|1590|265|(7134)|.443|21|21|0|0|(6903)|empty
1896684377507638119|734488453|40|7|1|(7143)|.000|7|3|0|0|(7143)|empty
1896684377507638119|734488453|41|1589|223|(7383)|.495|29|21|0|0|(7178)|empty
1896684377507638119|734488453|42|1611|228|(7607)|.571|29|29|0|0|(7385)|empty
1896684377507638119|734488453|43|1603|200|(7812)|.547|29|29|0|0|(7721)|empty
1896684377507638119|734488453|44|1611|264|(8072)|.472|29|21|0|0|(8002)|empty
1896684377507638119|734488453|45|1611|228|(8315)|.497|29|29|0|0|(8099)|empty
1896684377507638119|734488453|46|1611|223|(8534)|.558|29|29|0|0|(8323)|empty
1896684377507638119|734488453|47|1611|321|(8797)|.449|36|21|0|0|(8555)|empty
1896684377507638119|734488453|48|1596|203|(9007)|.525|29|29|0|0|(8818)|empty
1896684377507638119|734488453|49|1618|210|(9236)|.514|29|21|0|0|(9200)|empty
1896684377507638119|734488453|50|1208|187|(9436)|.473|29|21|0|0|(9248)|empty
1896684377507638119|734488453|51|7|1|(9444)|.000|7|3|0|0|(9444)|empty
1896684377507638119|734488453|52|1376|212|(9639)|.529|29|29|0|0|(9530)|empty
1896684377507638119|734488453|53|1369|220|(9868)|.514|29|29|0|0|(9766)|empty
1896684377507638119|734488453|54|1369|189|(10042)|.751|36|29|0|0|(9939)|empty
1896684377507638119|734488453|55|1384|226|(10247)|.483|29|21|0|0|(10195)|empty
1896684377507638119|734488453|56|1391|176|(10435)|.651|29|29|0|0|(10266)|empty
1896684377507638119|734488458|0|0|0|(1)|.000|0|0|0|0|()|empty
1896684377507638119|734488458|1|1516|18|(18)|.000|117|117|0|0|(10)|empty
1896684377507638119|734488458|2|1429|15|(33)|.000|124|124|0|0|(23)|empty
1896684377507638119|734488458|3|1502|16|(49)|.649|139|131|0|0|(34)|empty
1896684377507638119|734488458|4|1443|16|(65)|.000|131|117|0|0|(52)|empty
1896684377507638119|734488458|5|1458|14|(79)|.000|124|124|0|0|(73)|empty
1896684377507638119|734488458|6|1436|15|(94)|.000|146|131|0|0|(92)|empty
1896684377507638119|734488458|7|1465|17|(111)|.000|117|109|0|0|(95)|empty
1896684377507638119|734488458|8|1436|15|(126)|.000|139|124|0|0|(126)|empty
1896684377507638119|734488458|9|1458|15|(141)|.000|153|139|0|0|(138)|empty
1896684377507638119|734488458|10|1517|15|(156)|.000|168|124|0|0|(142)|empty
1896684377507638119|734488458|11|1509|18|(174)|.000|139|117|0|0|(158)|empty
1896684377507638119|734488458|12|1502|17|(191)|.000|139|124|0|0|(185)|empty
1896684377507638119|734488458|13|1465|14|(205)|.000|139|139|0|0|(193)|empty
1896684377507638119|734488458|14|1465|15|(220)|.000|131|131|0|0|(215)|empty
1896684377507638119|734488458|15|1495|16|(236)|.000|131|131|0|0|(230)|empty
1896684377507638119|734488458|16|1531|16|(252)|.000|131|124|0|0|(239)|empty
1896684377507638119|734488458|17|1539|17|(269)|.000|124|117|0|0|(262)|empty
1896684377507638119|734488458|18|1458|17|(286)|1.715|146|117|0|0|(271)|empty
1896684377507638119|734488458|19|1436|14|(300)|.000|161|131|0|0|(287)|empty
1896684377507638119|734488458|20|1502|16|(316)|.000|131|124|0|0|(301)|empty
1896684377507638119|734488458|21|1524|17|(333)|.000|117|117|0|0|(327)|empty
1896684377507638119|734488458|22|1487|15|(348)|.000|124|124|0|0|(335)|empty
1896684377507638119|734488458|23|1517|16|(364)|.000|131|124|0|0|(363)|empty
1896684377507638119|734488458|24|1479|15|(379)|.000|146|139|0|0|(377)|empty
1896684377507638119|734488458|25|1559|17|(396)|1.186|139|139|0|0|(387)|empty
1896684377507638119|734488458|26|1523|18|(414)|1.104|124|124|0|0|(408)|empty
1896684377507638119|734488458|27|1538|18|(432)|.645|146|131|0|0|(421)|empty
1896684377507638119|734488458|28|1523|18|(450)|.000|124|102|0|0|(433)|empty
1896684377507638119|734488458|29|1523|15|(465)|.000|161|131|0|0|(455)|empty
1896684377507638119|734488458|30|1567|19|(484)|1.600|131|124|0|0|(468)|empty
1896684377507638119|734488458|31|1501|17|(501)|.000|124|124|0|0|(488)|empty
1896684377507638119|734488458|32|1516|17|(518)|.000|117|117|0|0|(515)|empty
1896684377507638119|734488458|33|1523|17|(535)|.000|131|117|0|0|(530)|empty
1896684377507638119|734488458|34|1516|17|(552)|.000|124|124|0|0|(539)|empty
1896684377507638119|734488458|35|1574|19|(571)|.000|146|117|0|0|(553)|empty
1896684377507638119|734488458|36|1552|15|(586)|.000|139|131|0|0|(583)|empty
1896684377507638119|734488458|37|1530|16|(602)|.000|139|131|0|0|(594)|empty
1896684377507638119|734488458|38|1538|19|(621)|.000|109|109|0|0|(615)|empty
1896684377507638119|734488458|39|1457|17|(638)|.000|117|117|0|0|(633)|empty
1896684377507638119|734488458|40|1538|16|(654)|.000|146|117|0|0|(639)|empty
1896684377507638119|734488458|41|1618|20|(674)|.000|146|117|0|0|(657)|empty
1896684377507638119|734488458|42|1574|16|(690)|.000|131|131|0|0|(678)|empty
1896684377507638119|734488458|43|1559|17|(707)|.000|131|117|0|0|(698)|empty
1896684377507638119|734488458|44|1589|20|(727)|.000|117|117|0|0|(710)|empty
1896684377507638119|734488458|45|1589|19|(746)|.000|146|124|0|0|(739)|empty
1896684377507638119|734488458|46|1259|14|(760)|.000|117|109|0|0|(752)|empty
1896684377507638119|734488458|47|1171|12|(772)|.000|131|124|0|0|(764)|empty
1896684377507638119|734488458|48|1252|14|(786)|.524|153|117|0|0|(775)|empty
1896684377507638119|734488458|49|1391|15|(801)|.000|131|124|0|0|(788)|empty
1896684377507638119|734488463|0|0|0|(1900)|.000|0|0|0|0|()|empty
1896684377507638119|734488463|1|637|2|(1901)|.000|322|314|0|0|(1901)|empty
1896684377507638119|734488463|2|411|1|(1902)|.000|410|0|0|0|(1902)|empty
1896684377507638119|734488463|3|315|1|(1903)|.000|314|0|0|0|(1903)|empty
1896684377507638119|734488463|4|389|1|(1904)|.000|388|0|0|0|(1904)|empty
1896684377507638119|734488463|5|396|1|(1905)|.000|395|0|0|0|(1905)|empty
1896684377507638119|734488463|6|403|1|(1906)|.000|402|0|0|0|(1906)|empty
1896684377507638119|734488463|7|337|1|(1907)|.000|336|0|0|0|(1907)|empty
1896684377507638119|734488463|8|403|1|(1908)|.000|402|0|0|0|(1908)|empty
1896684377507638119|734488463|9|293|1|(1909)|.000|292|0|0|0|(1909)|empty
1896684377507638119|734488463|10|374|1|(1910)|.000|373|0|0|0|(1910)|empty
1896684377507638119|734488463|11|447|1|(1911)|.000|446|0|0|0|(1911)|empty
1896684377507638119|734488463|12|389|1|(1912)|.000|388|0|0|0|(1912)|empty
1896684377507638119|734488463|13|1011|3|(1915)|.000|344|344|0|0|(1914)|empty
1896684377507638119|734488463|14|411|1|(1916)|.000|410|0|0|0|(1916)|empty
1896684377507638119|734488463|15|462|1|(1917)|.000|461|0|0|0|(1917)|empty
1896684377507638119|734488463|16|433|1|(1918)|.000|432|0|0|0|(1918)|empty
1896684377507638119|734488463|17|389|1|(1919)|.000|388|0|0|0|(1919)|empty
1896684377507638119|734488463|18|403|1|(1920)|.000|402|0|0|0|(1920)|empty
1896684377507638119|734488463|19|381|1|(1921)|.000|380|0|0|0|(1921)|empty
1896684377507638119|734488463|20|389|1|(1922)|.000|388|0|0|0|(1922)|empty
1896684377507638119|734488463|21|1370|4|(1926)|.000|358|358|0|0|(1925)|empty
1896684377507638119|734488463|22|689|2|(1928)|.000|351|336|0|0|(1928)|empty
1896684377507638119|734488463|23|411|1|(1929)|.000|410|0|0|0|(1929)|empty
1896684377507638119|734488463|24|323|1|(1930)|.000|322|0|0|0|(1930)|empty
1896684377507638119|734488463|25|447|1|(1931)|.000|446|0|0|0|(1931)|empty
1896684377507638119|734488463|26|367|1|(1932)|.000|366|0|0|0|(1932)|empty
1896684377507638119|734488463|27|396|1|(1933)|.000|395|0|0|0|(1933)|empty
1896684377507638119|734488463|28|440|1|(1934)|.000|439|0|0|0|(1934)|empty
1896684377507638119|734488463|29|411|1|(1935)|.000|410|0|0|0|(1935)|empty
1896684377507638119|734488463|30|367|1|(1936)|.000|366|0|0|0|(1936)|empty
1896684377507638119|734488463|31|440|1|(1937)|.000|439|0|0|0|(1937)|empty
1896684377507638119|734488463|32|359|1|(1938)|.000|358|0|0|0|(1938)|empty
1896684377507638119|734488463|33|418|1|(1939)|.000|417|0|0|0|(1939)|empty
1896684377507638119|734488463|34|367|1|(1940)|.000|366|0|0|0|(1940)|empty
1896684377507638119|734488463|35|931|3|(1943)|.000|336|336|0|0|(1941)|empty
1896684377507638119|734488463|36|374|1|(1944)|.000|373|0|0|0|(1944)|empty
1896684377507638119|734488463|37|652|2|(1946)|.000|351|300|0|0|(1946)|empty
1896684377507638119|734488463|38|411|1|(1947)|.000|410|0|0|0|(1947)|empty
1896684377507638119|734488463|39|418|1|(1948)|.000|417|0|0|0|(1948)|empty
1896684377507638119|734488463|40|425|1|(1949)|.000|424|0|0|0|(1949)|empty
1896684377507638119|734488463|41|411|1|(1950)|.000|410|0|0|0|(1950)|empty
1896684377507638119|734488463|42|337|1|(1951)|.000|336|0|0|0|(1951)|empty
1896684377507638119|734488463|43|381|1|(1952)|.000|380|0|0|0|(1952)|empty
1896684377507638119|734488463|44|440|1|(1953)|.000|439|0|0|0|(1953)|empty
1896684377507638119|734488463|45|396|1|(1954)|.000|395|0|0|0|(1954)|empty
1896684377507638119|734488463|46|374|1|(1955)|.000|373|0|0|0|(1955)|empty
1896684377507638119|734488463|47|315|1|(1956)|.000|314|0|0|0|(1956)|empty
1896684377507638119|734488463|48|367|1|(1957)|.000|366|0|0|0|(1957)|empty
1896684377507638119|734488463|49|433|1|(1958)|.000|432|0|0|0|(1958)|empty
1896684377507638119|734488463|50|411|1|(1959)|.000|410|0|0|0|(1959)|empty
1896684377507638119|734488463|51|374|1|(1960)|.000|373|0|0|0|(1960)|empty
1896684377507638119|734488463|52|381|1|(1961)|.000|380|0|0|0|(1961)|empty
1896684377507638119|734488463|53|381|1|(1962)|.000|380|0|0|0|(1962)|empty
1896684377507638119|734488463|54|330|1|(1963)|.000|329|0|0|0|(1963)|empty
1896684377507638119|734488463|55|389|1|(1964)|.000|388|0|0|0|(1964)|empty
1896684377507638119|734488463|56|345|1|(1965)|.000|344|0|0|0|(1965)|empty
1896684377507638119|734488463|57|389|1|(1966)|.000|388|0|0|0|(1966)|empty
1896684377507638119|734488463|58|396|1|(1967)|.000|395|0|0|0|(1967)|empty
1896684377507638119|734488463|59|293|1|(1968)|.000|292|0|0|0|(1968)|empty
1896684377507638119|734488463|60|396|1|(1969)|.000|395|0|0|0|(1969)|empty
1896684377507638119|734488463|61|330|1|(1970)|.000|329|0|0|0|(1970)|empty
1896684377507638119|734488463|62|403|1|(1971)|.000|402|0|0|0|(1971)|empty
1896684377507638119|734488463|63|301|1|(1972)|.000|300|0|0|0|(1972)|empty
1896684377507638119|734488463|64|411|1|(1973)|.000|410|0|0|0|(1973)|empty
1896684377507638119|734488463|65|440|1|(1974)|.000|439|0|0|0|(1974)|empty
1896684377507638119|734488463|66|381|1|(1975)|.000|380|0|0|0|(1975)|empty
1896684377507638119|734488463|67|403|1|(1976)|.000|402|0|0|0|(1976)|empty
1896684377507638119|734488463|68|411|1|(1977)|.000|410|0|0|0|(1977)|empty
1896684377507638119|734488463|69|953|3|(1980)|.000|344|307|0|0|(1979)|empty
1896684377507638119|734488463|70|418|1|(1981)|.000|417|0|0|0|(1981)|empty
1896684377507638119|734488463|71|359|1|(1982)|.000|358|0|0|0|(1982)|empty
1896684377507638119|734488463|72|433|1|(1983)|.000|432|0|0|0|(1983)|empty
1896684377507638119|734488463|73|396|1|(1984)|.000|395|0|0|0|(1984)|empty
1896684377507638119|734488463|74|345|1|(1985)|.000|344|0|0|0|(1985)|empty
1896684377507638119|734488463|75|418|1|(1986)|.000|417|0|0|0|(1986)|empty
1896684377507638119|734488463|76|345|1|(1987)|.000|344|0|0|0|(1987)|empty
1896684377507638119|734488463|77|396|1|(1988)|.000|395|0|0|0|(1988)|empty
1896684377507638119|734488463|78|330|1|(1989)|.000|329|0|0|0|(1989)|empty
1896684377507638119|734488463|79|477|1|(1990)|.000|476|0|0|0|(1990)|empty
1896684377507638119|734488463|80|651|2|(1992)|.000|344|307|0|0|(1991)|empty
1896684377507638119|734488463|81|454|1|(1993)|.000|454|0|0|0|(1993)|empty
1896684377507638119|734488463|82|417|1|(1994)|.000|417|0|0|0|(1994)|empty
1896684377507638119|734488463|83|307|1|(1995)|.000|307|0|0|0|(1995)|empty
1896684377507638119|734488463|84|410|1|(1996)|.000|410|0|0|0|(1996)|empty
1896684377507638119|734488463|85|322|1|(1997)|.000|322|0|0|0|(1997)|empty
1896684377507638119|734488463|86|424|1|(1998)|.000|424|0|0|0|(1998)|empty
1896684377507638119|734488463|87|292|1|(1999)|.000|292|0|0|0|(1999)|empty
1896684377507638119|734488463|88|388|1|(2000)|.000|388|0|0|0|(2000)|empty
1896684377507638119|734488463|89|410|1|(2001)|.000|410|0|0|0|(2001)|empty
1896684377507638119|734488463|90|622|2|(2003)|.000|344|278|0|0|(2002)|empty
1896684377507638119|734488463|91|388|1|(2004)|.000|388|0|0|0|(2004)|empty
1896684377507638119|734488463|92|1303|4|(2008)|.000|336|336|0|0|(2005)|empty
1896684377507638119|734488463|93|1039|3|(2011)|.000|351|344|0|0|(2011)|empty
1896684377507638119|734488463|94|395|1|(2012)|.000|395|0|0|0|(2012)|empty
1896684377507638119|734488463|95|410|1|(2013)|.000|410|0|0|0|(2013)|empty
1896684377507638119|734488463|96|366|1|(2014)|.000|366|0|0|0|(2014)|empty
1896684377507638119|734488463|97|402|1|(2015)|.000|402|0|0|0|(2015)|empty
1896684377507638119|734488463|98|952|3|(2018)|.000|351|351|0|0|(2016)|empty
1896684377507638119|734488463|99|373|1|(2019)|.000|373|0|0|0|(2019)|empty
1896684377507638119|734488463|100|336|1|(2020)|.000|336|0|0|0|(2020)|empty
1896684377507638119|734488463|101|380|1|(2021)|.000|380|0|0|0|(2021)|empty
1896684377507638119|734488463|102|695|2|(2023)|.000|358|336|0|0|(2022)|empty
1896684377507638119|734488463|103|380|1|(2024)|.000|380|0|0|0|(2024)|empty
1896684377507638119|734488463|104|981|3|(2027)|.000|351|314|0|0|(2027)|empty
1896684377507638119|734488463|105|410|1|(2028)|.000|410|0|0|0|(2028)|empty
1896684377507638119|734488463|106|358|1|(2029)|.000|358|0|0|0|(2029)|empty
1896684377507638119|734488463|107|395|1|(2030)|.000|395|0|0|0|(2030)|empty
1896684377507638119|734488463|108|329|1|(2031)|.000|329|0|0|0|(2031)|empty
1896684377507638119|734488463|109|395|1|(2032)|.000|395|0|0|0|(2032)|empty
1896684377507638119|734488463|110|307|1|(2033)|.000|307|0|0|0|(2033)|empty
1896684377507638119|734488463|111|432|1|(2034)|.000|432|0|0|0|(2034)|empty
1896684377507638119|734488463|112|629|2|(2036)|.000|351|278|0|0|(2035)|empty
1896684377507638119|734488463|113|395|1|(2037)|.000|395|0|0|0|(2037)|empty
1896684377507638119|734488463|114|1325|4|(2041)|.000|351|329|0|0|(2040)|empty
1896684377507638119|734488463|115|278|1|(2042)|.000|278|0|0|0|(2042)|empty
1896684377507638119|734488463|116|388|1|(2043)|.000|388|0|0|0|(2043)|empty
1896684377507638119|734488463|117|454|1|(2044)|.000|454|0|0|0|(2044)|empty
1896684377507638119|734488463|118|402|1|(2045)|.000|402|0|0|0|(2045)|empty
1896684377507638119|734488463|119|446|1|(2046)|.000|446|0|0|0|(2046)|empty
1896684377507638119|734488463|120|336|1|(2047)|.000|336|0|0|0|(2047)|empty
1896684377507638119|734488463|121|468|1|(2048)|.000|468|0|0|0|(2048)|empty
1896684377507638119|734488463|122|1625|5|(2053)|.000|351|329|0|0|(2049)|empty
1896684377507638119|734488463|123|373|1|(2054)|.000|373|0|0|0|(2054)|empty
1896684377507638119|734488463|124|1003|3|(2057)|.000|336|336|0|0|(2055)|empty
1896684377507638119|734488463|125|380|1|(2058)|.000|380|0|0|0|(2058)|empty
1896684377507638119|734488463|126|366|1|(2059)|.000|366|0|0|0|(2059)|empty
1896684377507638119|734488463|127|373|1|(2060)|.000|373|0|0|0|(2060)|empty
1896684377507638119|734488463|128|358|1|(2061)|.000|358|0|0|0|(2061)|empty
1896684377507638119|734488463|129|395|1|(2062)|.000|395|0|0|0|(2062)|empty
1896684377507638119|734488463|130|395|1|(2063)|.000|395|0|0|0|(2063)|empty
1896684377507638119|734488463|131|1259|4|(2067)|.000|351|314|0|0|(2064)|empty
1896684377507638119|734488463|132|388|1|(2068)|.000|388|0|0|0|(2068)|empty
1896684377507638119|734488463|133|417|1|(2069)|.000|417|0|0|0|(2069)|empty
1896684377507638119|734488463|134|358|1|(2070)|.000|358|0|0|0|(2070)|empty
1896684377507638119|734488463|135|373|1|(2071)|.000|373|0|0|0|(2071)|empty
1896684377507638119|734488463|136|410|1|(2072)|.000|410|0|0|0|(2072)|empty
1896684377507638119|734488463|137|366|1|(2073)|.000|366|0|0|0|(2073)|empty
1896684377507638119|734488463|138|358|1|(2074)|.000|358|0|0|0|(2074)|empty
1896684377507638119|734488463|139|366|1|(2075)|.000|366|0|0|0|(2075)|empty
1896684377507638119|734488463|140|1208|4|(2079)|.000|351|292|0|0|(2076)|empty
1896684377507638119|734488463|141|373|1|(2080)|.000|373|0|0|0|(2080)|empty
1896684377507638119|734488463|142|1003|3|(2083)|.000|358|336|0|0|(2083)|empty
1896684377507638119|734488463|143|424|1|(2084)|.000|424|0|0|0|(2084)|empty
1896684377507638119|734488463|144|629|2|(2086)|.000|358|270|0|0|(2086)|empty
1896684377507638119|734488463|145|373|1|(2087)|.000|373|0|0|0|(2087)|empty
1896684377507638119|734488463|146|285|1|(2088)|.000|285|0|0|0|(2088)|empty
1896684377507638119|734488463|147|373|1|(2089)|.000|373|0|0|0|(2089)|empty
1896684377507638119|734488463|148|454|1|(2090)|.000|454|0|0|0|(2090)|empty
1896684377507638119|734488463|149|395|1|(2091)|.000|395|0|0|0|(2091)|empty
1896684377507638119|734488463|150|351|1|(2092)|.000|351|0|0|0|(2092)|empty
1896684377507638119|734488463|151|402|1|(2093)|.000|402|0|0|0|(2093)|empty
1896684377507638119|734488463|152|666|2|(2095)|.000|336|329|0|0|(2094)|empty
1896684377507638119|734488463|153|380|1|(2096)|.000|380|0|0|0|(2096)|empty
1896684377507638119|734488463|154|380|1|(2097)|.000|380|0|0|0|(2097)|empty
1896684377507638119|734488463|155|380|1|(2098)|.000|380|0|0|0|(2098)|empty
1896684377507638119|734488463|156|388|1|(2099)|.000|388|0|0|0|(2099)|empty
1896684377507638119|734488469|0|0|0|(1)|.000|0|0|0|0|()|empty
1896684377507638119|734488469|1|18121|1|(1)|.000|18121|0|0|0|(1)|empty
1896684377507638119|734488469|2|18049|1|(2)|.000|18048|0|0|0|(2)|empty
1896684377507638119|734488469|3|18509|1|(3)|.000|18509|0|0|0|(3)|empty
1896684377507638119|734488469|4|18370|1|(4)|.000|18370|0|0|0|(4)|empty
1896684377507638119|734488472|0|0|0|(1)|.000|0|0|0|0|()|empty
1896684377507638119|734488472|1|2465|1|(1)|.000|2465|0|0|0|(1)|empty
1896684377507638119|734488472|2|2517|1|(2)|.000|2516|0|0|0|(2)|empty
1896684377507638119|734488472|3|2562|1|(3)|.000|2561|0|0|0|(3)|empty
1896684377507638119|734488472|4|2443|1|(4)|.000|2442|0|0|0|(4)|empty
1896684377507638119|734488472|5|2362|1|(5)|.000|2361|0|0|0|(5)|empty
1896684377507638119|734488472|6|2310|1|(6)|.000|2309|0|0|0|(6)|empty
1896684377507638119|734488472|7|2443|1|(7)|.000|2442|0|0|0|(7)|empty
1896684377507638119|734488472|8|2436|1|(8)|.000|2435|0|0|0|(8)|empty
1896684377507638119|734488472|9|2503|1|(9)|.000|2502|0|0|0|(9)|empty
1896684377507638119|734488472|10|2258|1|(10)|.000|2257|0|0|0|(10)|empty
1896684377507638119|734488472|11|2488|1|(11)|.000|2487|0|0|0|(11)|empty
1896684377507638119|734488472|12|2562|1|(12)|.000|2561|0|0|0|(12)|empty
1896684377507638119|734488472|13|2303|1|(13)|.000|2302|0|0|0|(13)|empty
1896684377507638119|734488472|14|2429|1|(14)|.000|2428|0|0|0|(14)|empty
1896684377507638119|734488472|15|2495|1|(15)|.000|2494|0|0|0|(15)|empty
1896684377507638119|734488472|16|2331|1|(16)|.000|2331|0|0|0|(16)|empty
1896684377507638119|734488472|17|2465|1|(17)|.000|2465|0|0|0|(17)|empty
1896684377507638119|734488472|18|2368|1|(18)|.000|2368|0|0|0|(18)|empty
1896684377507638119|734488472|19|2687|1|(19)|.000|2687|0|0|0|(19)|empty
1896684377507638119|734488472|20|2324|1|(20)|.000|2324|0|0|0|(20)|empty
1896684377507638119|734488472|21|2198|1|(21)|.000|2198|0|0|0|(21)|empty
1896684377507638119|734488472|22|2487|1|(22)|.000|2487|0|0|0|(22)|empty
1896684377507638119|734488472|23|2072|1|(23)|.000|2072|0|0|0|(23)|empty
1896684377507638119|734488472|24|2346|1|(24)|.000|2346|0|0|0|(24)|empty
1896684377507638119|734488472|25|2280|1|(25)|.000|2280|0|0|0|(25)|empty
1896684377507638119|734488472|26|2576|1|(26)|.000|2576|0|0|0|(26)|empty
1896684377507638119|734488472|27|2524|1|(27)|.000|2524|0|0|0|(27)|empty
1896684377507638119|734488472|28|2242|1|(28)|.000|2242|0|0|0|(28)|empty
1896684377507638119|734488472|29|2280|1|(29)|.000|2280|0|0|0|(29)|empty
1896684377507638119|734488472|30|2035|1|(30)|.000|2035|0|0|0|(30)|empty
1896684377507638119|734488472|31|1258|1|(31)|.000|1258|0|0|0|(31)|empty
1896684377507638119|734488478|0|0|0|(1)|.000|0|0|0|0|()|empty
1896684377507638119|734488478|1|6150|1|(1)|.000|6150|0|0|0|(1)|empty
1896684377507638119|734488478|2|5618|1|(2)|.000|5617|0|0|0|(2)|empty
1896684377507638119|734488478|3|5852|1|(3)|.000|5851|0|0|0|(3)|empty
1896684377507638119|734488478|4|6137|1|(4)|.000|6136|0|0|0|(4)|empty
1896684377507638119|734488478|5|5925|1|(5)|.000|5924|0|0|0|(5)|empty
1896684377507638119|734488478|6|6092|1|(6)|.000|6092|0|0|0|(6)|empty
1896684377507638119|734488478|7|6333|1|(7)|.000|6333|0|0|0|(7)|empty
1896684377507638119|734488478|8|6260|1|(8)|.000|6260|0|0|0|(8)|empty
1896684377507638119|734488478|9|6019|1|(9)|.000|6019|0|0|0|(9)|empty
1896684377507638119|734488478|10|6231|1|(10)|.000|6231|0|0|0|(10)|empty
1896684377507638119|734488478|11|6128|1|(11)|.000|6128|0|0|0|(11)|empty
1896684377507638119|734488478|12|6304|1|(12)|.000|6304|0|0|0|(12)|empty
1896684377507638119|734488483|0|0|0|(0)|.000|0|0|0|0|()|empty
1896684377507638119|734488483|1|10104|1|(0)|.000|10104|0|0|0|(0)|empty
1896684377507638119|734488483|2|10489|1|(1)|.000|10488|0|0|0|(1)|empty
1896684377507638119|734488483|3|10452|1|(2)|.000|10451|0|0|0|(2)|empty
1896684377507638119|734488483|4|10563|1|(3)|.000|10562|0|0|0|(3)|empty
1896684377507638119|734488483|5|10192|1|(4)|.000|10192|0|0|0|(4)|empty
1896684377507638119|734488483|6|10931|1|(5)|.000|10931|0|0|0|(5)|empty
1896684377507638119|734488483|7|10318|1|(6)|.000|10318|0|0|0|(6)|empty
1896684377507638119|734488488|0|0|0|(1900)|.000|0|0|0|0|()|empty
1896684377507638119|734488488|1|300|1|(1900)|.000|300|0|0|0|(1900)|empty
1896684377507638119|734488488|2|381|1|(1901)|.000|380|0|0|0|(1901)|empty
1896684377507638119|734488488|3|315|1|(1902)|.000|314|0|0|0|(1902)|empty
1896684377507638119|734488488|4|447|1|(1903)|.000|446|0|0|0|(1903)|empty
1896684377507638119|734488488|5|425|1|(1904)|.000|424|0|0|0|(1904)|empty
1896684377507638119|734488488|6|418|1|(1905)|.000|417|0|0|0|(1905)|empty
1896684377507638119|734488488|7|293|1|(1906)|.000|292|0|0|0|(1906)|empty
1896684377507638119|734488488|8|366|1|(1907)|.000|365|0|0|0|(1907)|empty
1896684377507638119|734488488|9|381|1|(1908)|.000|380|0|0|0|(1908)|empty
1896684377507638119|734488488|10|403|1|(1909)|.000|402|0|0|0|(1909)|empty
1896684377507638119|734488488|11|425|1|(1910)|.000|424|0|0|0|(1910)|empty
1896684377507638119|734488488|12|703|2|(1912)|.000|358|343|0|0|(1912)|empty
1896684377507638119|734488488|13|440|1|(1913)|.000|439|0|0|0|(1913)|empty
1896684377507638119|734488488|14|359|1|(1914)|.000|358|0|0|0|(1914)|empty
1896684377507638119|734488488|15|425|1|(1915)|.000|424|0|0|0|(1915)|empty
1896684377507638119|734488488|16|410|1|(1916)|.000|409|0|0|0|(1916)|empty
1896684377507638119|734488488|17|1069|3|(1919)|.000|358|358|0|0|(1917)|empty
1896684377507638119|734488488|18|366|1|(1920)|.000|365|0|0|0|(1920)|empty
1896684377507638119|734488488|19|996|3|(1923)|.000|351|336|0|0|(1923)|empty
1896684377507638119|734488488|20|396|1|(1924)|.000|395|0|0|0|(1924)|empty
1896684377507638119|734488488|21|1172|4|(1928)|.000|300|300|0|0|(1927)|empty
1896684377507638119|734488488|22|425|1|(1929)|.000|424|0|0|0|(1929)|empty
1896684377507638119|734488488|23|967|3|(1932)|.000|358|322|0|0|(1932)|empty
1896684377507638119|734488488|24|410|1|(1933)|.000|409|0|0|0|(1933)|empty
1896684377507638119|734488488|25|381|1|(1934)|.000|380|0|0|0|(1934)|empty
1896684377507638119|734488488|26|623|2|(1936)|.000|329|292|0|0|(1936)|empty
1896684377507638119|734488488|27|396|1|(1937)|.000|395|0|0|0|(1937)|empty
1896684377507638119|734488488|28|344|1|(1938)|.000|343|0|0|0|(1938)|empty
1896684377507638119|734488488|29|418|1|(1939)|.000|417|0|0|0|(1939)|empty
1896684377507638119|734488488|30|374|1|(1940)|.000|373|0|0|0|(1940)|empty
1896684377507638119|734488488|31|418|1|(1941)|.000|417|0|0|0|(1941)|empty
1896684377507638119|734488488|32|388|1|(1942)|.000|387|0|0|0|(1942)|empty
1896684377507638119|734488488|33|469|1|(1943)|.000|468|0|0|0|(1943)|empty
1896684377507638119|734488488|34|432|1|(1944)|.000|431|0|0|0|(1944)|empty
1896684377507638119|734488488|35|652|2|(1946)|.000|336|314|0|0|(1945)|empty
1896684377507638119|734488488|36|498|1|(1947)|.000|497|0|0|0|(1947)|empty
1896684377507638119|734488488|37|403|1|(1948)|.000|402|0|0|0|(1948)|empty
1896684377507638119|734488488|38|1354|4|(1952)|.000|343|336|0|0|(1950)|empty
1896684377507638119|734488488|39|381|1|(1953)|.000|380|0|0|0|(1953)|empty
1896684377507638119|734488488|40|366|1|(1954)|.000|365|0|0|0|(1954)|empty
1896684377507638119|734488488|41|937|3|(1957)|.000|358|322|0|0|(1956)|empty
1896684377507638119|734488488|42|418|1|(1958)|.000|417|0|0|0|(1958)|empty
1896684377507638119|734488488|43|1230|4|(1962)|.000|358|336|0|0|(1959)|empty
1896684377507638119|734488488|44|366|1|(1963)|.000|365|0|0|0|(1963)|empty
1896684377507638119|734488488|45|381|1|(1964)|.000|380|0|0|0|(1964)|empty
1896684377507638119|734488488|46|454|1|(1965)|.000|453|0|0|0|(1965)|empty
1896684377507638119|734488488|47|1340|4|(1969)|.000|351|343|0|0|(1969)|empty
1896684377507638119|734488488|48|359|1|(1970)|.000|358|0|0|0|(1970)|empty
1896684377507638119|734488488|49|418|1|(1971)|.000|417|0|0|0|(1971)|empty
1896684377507638119|734488488|50|593|2|(1973)|.000|314|278|0|0|(1973)|empty
1896684377507638119|734488488|51|410|1|(1974)|.000|409|0|0|0|(1974)|empty
1896684377507638119|734488488|52|242|1|(1975)|.000|241|0|0|0|(1975)|empty
1896684377507638119|734488488|53|396|1|(1976)|.000|395|0|0|0|(1976)|empty
1896684377507638119|734488488|54|703|2|(1978)|.000|358|343|0|0|(1978)|empty
1896684377507638119|734488488|55|366|1|(1979)|.000|365|0|0|0|(1979)|empty
1896684377507638119|734488488|56|396|1|(1980)|.000|395|0|0|0|(1980)|empty
1896684377507638119|734488488|57|301|1|(1981)|.000|300|0|0|0|(1981)|empty
1896684377507638119|734488488|58|388|1|(1982)|.000|387|0|0|0|(1982)|empty
1896684377507638119|734488488|59|374|1|(1983)|.000|373|0|0|0|(1983)|empty
1896684377507638119|734488488|60|410|1|(1984)|.000|409|0|0|0|(1984)|empty
1896684377507638119|734488488|61|264|1|(1985)|.000|263|0|0|0|(1985)|empty
1896684377507638119|734488488|62|374|1|(1986)|.000|373|0|0|0|(1986)|empty
1896684377507638119|734488488|63|337|1|(1987)|.000|336|0|0|0|(1987)|empty
1896684377507638119|734488488|64|410|1|(1988)|.000|409|0|0|0|(1988)|empty
1896684377507638119|734488488|65|410|1|(1989)|.000|409|0|0|0|(1989)|empty
1896684377507638119|734488488|66|337|1|(1990)|.000|336|0|0|0|(1990)|empty
1896684377507638119|734488488|67|366|1|(1991)|.000|365|0|0|0|(1991)|empty
1896684377507638119|734488488|68|315|1|(1992)|.000|314|0|0|0|(1992)|empty
1896684377507638119|734488488|69|425|1|(1993)|.000|424|0|0|0|(1993)|empty
1896684377507638119|734488488|70|447|1|(1994)|.000|446|0|0|0|(1994)|empty
1896684377507638119|734488488|71|418|1|(1995)|.000|417|0|0|0|(1995)|empty
1896684377507638119|734488488|72|396|1|(1996)|.000|395|0|0|0|(1996)|empty
1896684377507638119|734488488|73|366|1|(1997)|.000|365|0|0|0|(1997)|empty
1896684377507638119|734488488|74|308|1|(1998)|.000|307|0|0|0|(1998)|empty
1896684377507638119|734488488|75|374|1|(1999)|.000|373|0|0|0|(1999)|empty
1896684377507638119|734488488|76|1325|4|(2003)|.000|336|336|0|0|(2001)|empty
1896684377507638119|734488488|77|330|1|(2004)|.000|329|0|0|0|(2004)|empty
1896684377507638119|734488488|78|374|1|(2005)|.000|373|0|0|0|(2005)|empty
1896684377507638119|734488488|79|388|1|(2006)|.000|387|0|0|0|(2006)|empty
1896684377507638119|734488488|80|447|1|(2007)|.000|446|0|0|0|(2007)|empty
1896684377507638119|734488488|81|388|1|(2008)|.000|387|0|0|0|(2008)|empty
1896684377507638119|734488488|82|352|1|(2009)|.000|351|0|0|0|(2009)|empty
1896684377507638119|734488488|83|418|1|(2010)|.000|417|0|0|0|(2010)|empty
1896684377507638119|734488488|84|431|1|(2011)|.000|431|0|0|0|(2011)|empty
1896684377507638119|734488488|85|365|1|(2012)|.000|365|0|0|0|(2012)|empty
1896684377507638119|734488488|86|475|1|(2013)|.000|475|0|0|0|(2013)|empty
1896684377507638119|734488488|87|592|2|(2015)|.000|322|270|0|0|(2015)|empty
1896684377507638119|734488488|88|395|1|(2016)|.000|395|0|0|0|(2016)|empty
1896684377507638119|734488488|89|358|1|(2017)|.000|358|0|0|0|(2017)|empty
1896684377507638119|734488488|90|380|1|(2018)|.000|380|0|0|0|(2018)|empty
1896684377507638119|734488488|91|285|1|(2019)|.000|285|0|0|0|(2019)|empty
1896684377507638119|734488488|92|387|1|(2020)|.000|387|0|0|0|(2020)|empty
1896684377507638119|734488488|93|395|1|(2021)|.000|395|0|0|0|(2021)|empty
1896684377507638119|734488488|94|439|1|(2022)|.000|439|0|0|0|(2022)|empty
1896684377507638119|734488488|95|402|1|(2023)|.000|402|0|0|0|(2023)|empty
1896684377507638119|734488488|96|644|2|(2025)|.000|351|292|0|0|(2024)|empty
1896684377507638119|734488488|97|439|1|(2026)|.000|439|0|0|0|(2026)|empty
1896684377507638119|734488488|98|336|1|(2027)|.000|336|0|0|0|(2027)|empty
1896684377507638119|734488488|99|387|1|(2028)|.000|387|0|0|0|(2028)|empty
1896684377507638119|734488488|100|644|2|(2030)|.000|351|292|0|0|(2030)|empty
1896684377507638119|734488488|101|439|1|(2031)|.000|439|0|0|0|(2031)|empty
1896684377507638119|734488488|102|988|3|(2034)|.000|343|336|0|0|(2033)|empty
1896684377507638119|734488488|103|387|1|(2035)|.000|387|0|0|0|(2035)|empty
1896684377507638119|734488488|104|417|1|(2036)|.000|417|0|0|0|(2036)|empty
1896684377507638119|734488488|105|300|1|(2037)|.000|300|0|0|0|(2037)|empty
1896684377507638119|734488488|106|417|1|(2038)|.000|417|0|0|0|(2038)|empty
1896684377507638119|734488488|107|365|1|(2039)|.000|365|0|0|0|(2039)|empty
1896684377507638119|734488488|108|365|1|(2040)|.000|365|0|0|0|(2040)|empty
1896684377507638119|734488488|109|351|1|(2041)|.000|351|0|0|0|(2041)|empty
1896684377507638119|734488488|110|409|1|(2042)|.000|409|0|0|0|(2042)|empty
1896684377507638119|734488488|111|453|1|(2043)|.000|453|0|0|0|(2043)|empty
1896684377507638119|734488488|112|365|1|(2044)|.000|365|0|0|0|(2044)|empty
1896684377507638119|734488488|113|687|2|(2046)|.000|351|336|0|0|(2045)|empty
1896684377507638119|734488488|114|395|1|(2047)|.000|395|0|0|0|(2047)|empty
1896684377507638119|734488488|115|695|2|(2049)|.000|351|343|0|0|(2048)|empty
1896684377507638119|734488488|116|417|1|(2050)|.000|417|0|0|0|(2050)|empty
1896684377507638119|734488488|117|343|1|(2051)|.000|343|0|0|0|(2051)|empty
1896684377507638119|734488488|118|373|1|(2052)|.000|373|0|0|0|(2052)|empty
1896684377507638119|734488488|119|380|1|(2053)|.000|380|0|0|0|(2053)|empty
1896684377507638119|734488488|120|651|2|(2055)|.000|329|322|0|0|(2054)|empty
1896684377507638119|734488488|121|365|1|(2056)|.000|365|0|0|0|(2056)|empty
1896684377507638119|734488488|122|322|1|(2057)|.000|322|0|0|0|(2057)|empty
1896684377507638119|734488488|123|380|1|(2058)|.000|380|0|0|0|(2058)|empty
1896684377507638119|734488488|124|1302|4|(2062)|.000|351|343|0|0|(2060)|empty
1896684377507638119|734488488|125|373|1|(2063)|.000|373|0|0|0|(2063)|empty
1896684377507638119|734488488|126|358|1|(2064)|.000|358|0|0|0|(2064)|empty
1896684377507638119|734488488|127|365|1|(2065)|.000|365|0|0|0|(2065)|empty
1896684377507638119|734488488|128|1024|3|(2068)|.000|351|336|0|0|(2068)|empty
1896684377507638119|734488488|129|453|1|(2069)|.000|453|0|0|0|(2069)|empty
1896684377507638119|734488488|130|431|1|(2070)|.000|431|0|0|0|(2070)|empty
1896684377507638119|734488488|131|380|1|(2071)|.000|380|0|0|0|(2071)|empty
1896684377507638119|734488488|132|402|1|(2072)|.000|402|0|0|0|(2072)|empty
1896684377507638119|734488488|133|373|1|(2073)|.000|373|0|0|0|(2073)|empty
1896684377507638119|734488488|134|1361|4|(2077)|.000|358|336|0|0|(2077)|empty
1896684377507638119|734488488|135|673|2|(2079)|.000|351|322|0|0|(2078)|empty
1896684377507638119|734488488|136|453|1|(2080)|.000|453|0|0|0|(2080)|empty
1896684377507638119|734488488|137|380|1|(2081)|.000|380|0|0|0|(2081)|empty
1896684377507638119|734488488|138|417|1|(2082)|.000|417|0|0|0|(2082)|empty
1896684377507638119|734488488|139|329|1|(2083)|.000|329|0|0|0|(2083)|empty
1896684377507638119|734488488|140|417|1|(2084)|.000|417|0|0|0|(2084)|empty
1896684377507638119|734488488|141|322|1|(2085)|.000|322|0|0|0|(2085)|empty
1896684377507638119|734488488|142|431|1|(2086)|.000|431|0|0|0|(2086)|empty
1896684377507638119|734488488|143|431|1|(2087)|.000|431|0|0|0|(2087)|empty
1896684377507638119|734488488|144|409|1|(2088)|.000|409|0|0|0|(2088)|empty
1896684377507638119|734488488|145|343|1|(2089)|.000|343|0|0|0|(2089)|empty
1896684377507638119|734488488|146|380|1|(2090)|.000|380|0|0|0|(2090)|empty
1896684377507638119|734488488|147|285|1|(2091)|.000|285|0|0|0|(2091)|empty
1896684377507638119|734488488|148|512|1|(2092)|.000|512|0|0|0|(2092)|empty
1896684377507638119|734488488|149|387|1|(2093)|.000|387|0|0|0|(2093)|empty
1896684377507638119|734488488|150|402|1|(2094)|.000|402|0|0|0|(2094)|empty
1896684377507638119|734488488|151|278|1|(2095)|.000|278|0|0|0|(2095)|empty
1896684377507638119|734488488|152|409|1|(2096)|.000|409|0|0|0|(2096)|empty
1896684377507638119|734488488|153|409|1|(2097)|.000|409|0|0|0|(2097)|empty
1896684377507638119|734488488|154|417|1|(2098)|.000|417|0|0|0|(2098)|empty
1896684377507638119|734488488|155|285|1|(2099)|.000|285|0|0|0|(2099)|empty
1896684377507638119|734488493|0|0|0|(1)|.000|0|0|0|0|()|empty
1896684377507638119|734488493|1|1516|18|(18)|.000|117|117|0|0|(10)|empty
1896684377507638119|734488493|2|1429|15|(33)|.000|124|124|0|0|(23)|empty
1896684377507638119|734488493|3|1502|16|(49)|.649|139|131|0|0|(34)|empty
1896684377507638119|734488493|4|1443|16|(65)|.000|131|117|0|0|(52)|empty
1896684377507638119|734488493|5|1458|14|(79)|.000|124|124|0|0|(73)|empty
1896684377507638119|734488493|6|1436|15|(94)|.000|146|131|0|0|(92)|empty
1896684377507638119|734488493|7|1465|17|(111)|.000|117|109|0|0|(95)|empty
1896684377507638119|734488493|8|1436|15|(126)|.000|139|124|0|0|(126)|empty
1896684377507638119|734488493|9|1458|15|(141)|.000|153|139|0|0|(138)|empty
1896684377507638119|734488493|10|1517|15|(156)|.000|168|124|0|0|(142)|empty
1896684377507638119|734488493|11|1509|18|(174)|.000|139|117|0|0|(158)|empty
1896684377507638119|734488493|12|1502|17|(191)|.000|139|124|0|0|(185)|empty
1896684377507638119|734488493|13|1465|14|(205)|.000|139|139|0|0|(193)|empty
1896684377507638119|734488493|14|1465|15|(220)|.000|131|131|0|0|(215)|empty
1896684377507638119|734488493|15|1495|16|(236)|.000|131|131|0|0|(230)|empty
1896684377507638119|734488493|16|1531|16|(252)|.000|131|124|0|0|(239)|empty
1896684377507638119|734488493|17|1539|17|(269)|.000|124|117|0|0|(262)|empty
1896684377507638119|734488493|18|1458|17|(286)|1.715|146|117|0|0|(271)|empty
1896684377507638119|734488493|19|1436|14|(300)|.000|161|131|0|0|(287)|empty
1896684377507638119|734488493|20|1502|16|(316)|.000|131|124|0|0|(301)|empty
1896684377507638119|734488493|21|1524|17|(333)|.000|117|117|0|0|(327)|empty
1896684377507638119|734488493|22|1487|15|(348)|.000|124|124|0|0|(335)|empty
1896684377507638119|734488493|23|1517|16|(364)|.000|131|124|0|0|(363)|empty
1896684377507638119|734488493|24|1479|15|(379)|.000|146|139|0|0|(377)|empty
1896684377507638119|734488493|25|1559|17|(396)|1.186|139|139|0|0|(387)|empty
1896684377507638119|734488493|26|1523|18|(414)|1.104|124|124|0|0|(408)|empty
1896684377507638119|734488493|27|1538|18|(432)|.645|146|131|0|0|(421)|empty
1896684377507638119|734488493|28|1523|18|(450)|.000|124|102|0|0|(433)|empty
1896684377507638119|734488493|29|1523|15|(465)|.000|161|131|0|0|(455)|empty
1896684377507638119|734488493|30|1567|19|(484)|1.600|131|124|0|0|(468)|empty
1896684377507638119|734488493|31|1501|17|(501)|.000|124|124|0|0|(488)|empty
1896684377507638119|734488493|32|1516|17|(518)|.000|117|117|0|0|(515)|empty
1896684377507638119|734488493|33|1523|17|(535)|.000|131|117|0|0|(530)|empty
1896684377507638119|734488493|34|1516|17|(552)|.000|124|124|0|0|(539)|empty
1896684377507638119|734488493|35|1574|19|(571)|.000|146|117|0|0|(553)|empty
1896684377507638119|734488493|36|1552|15|(586)|.000|139|131|0|0|(583)|empty
1896684377507638119|734488493|37|1530|16|(602)|.000|139|131|0|0|(594)|empty
1896684377507638119|734488493|38|1538|19|(621)|.000|109|109|0|0|(615)|empty
1896684377507638119|734488493|39|1457|17|(638)|.000|117|117|0|0|(633)|empty
1896684377507638119|734488493|40|1538|16|(654)|.000|146|117|0|0|(639)|empty
1896684377507638119|734488493|41|1618|20|(674)|.000|146|117|0|0|(657)|empty
1896684377507638119|734488493|42|1574|16|(690)|.000|131|131|0|0|(678)|empty
1896684377507638119|734488493|43|1559|17|(707)|.000|131|117|0|0|(698)|empty
1896684377507638119|734488493|44|1589|20|(727)|.000|117|117|0|0|(710)|empty
1896684377507638119|734488493|45|1589|19|(746)|.000|146|124|0|0|(739)|empty
1896684377507638119|734488493|46|1259|14|(760)|.000|117|109|0|0|(752)|empty
1896684377507638119|734488493|47|1171|12|(772)|.000|131|124|0|0|(764)|empty
1896684377507638119|734488493|48|1252|14|(786)|.524|153|117|0|0|(775)|empty
1896684377507638119|734488493|49|1391|15|(801)|.000|131|124|0|0|(788)|empty
1896684377507638119|734488498|0|0|0|(1)|.000|0|0|0|0|()|empty
1896684377507638119|734488498|1|563|98|(89)|.476|29|21|0|0|(48)|empty
1896684377507638119|734488498|2|1304|211|(282)|.466|29|21|0|0|(230)|empty
1896684377507638119|734488498|3|849|118|(391)|.679|29|29|0|0|(285)|empty
1896684377507638119|734488498|4|1070|176|(550)|.499|21|21|0|0|(402)|empty
1896684377507638119|734488498|5|1333|198|(734)|.544|29|21|0|0|(574)|empty
1896684377507638119|734488498|6|673|108|(827)|.530|29|21|0|0|(735)|empty
1896684377507638119|734488498|7|7|1|(835)|.000|7|3|0|0|(835)|empty
1896684377507638119|734488498|8|1626|228|(1035)|.559|36|29|0|0|(978)|empty
1896684377507638119|734488498|9|1641|239|(1260)|.548|29|29|0|0|(1081)|empty
1896684377507638119|734488498|10|1641|253|(1510)|.416|29|21|0|0|(1274)|empty
1896684377507638119|734488498|11|1641|218|(1732)|.505|29|29|0|0|(1624)|empty
1896684377507638119|734488498|12|1619|194|(1942)|.613|29|29|0|0|(1755)|empty
1896684377507638119|734488498|13|1641|224|(2164)|.532|29|29|0|0|(1944)|empty
1896684377507638119|734488498|14|1634|304|(2427)|.426|21|21|0|0|(2166)|empty
1896684377507638119|734488498|15|1641|226|(2637)|.591|36|29|0|0|(2559)|empty
1896684377507638119|734488498|16|1634|243|(2853)|.472|29|21|0|0|(2850)|empty
1896684377507638119|734488498|17|1634|222|(3083)|.507|29|29|0|0|(2884)|empty
1896684377507638119|734488498|18|468|63|(3146)|.759|29|29|0|0|(3107)|empty
1896684377507638119|734488498|19|1619|222|(3366)|.533|29|29|0|0|(3216)|empty
1896684377507638119|734488498|20|146|27|(3391)|.471|14|14|0|0|(3367)|empty
1896684377507638119|734488498|21|7|1|(3400)|.000|7|3|0|0|(3400)|empty
1896684377507638119|734488498|22|1619|243|(3626)|.583|29|29|0|0|(3518)|empty
1896684377507638119|734488498|23|527|88|(3710)|.626|29|21|0|0|(3671)|empty
1896684377507638119|734488498|24|1648|229|(3922)|.533|21|21|0|0|(3721)|empty
1896684377507638119|734488498|25|1656|231|(4160)|.579|29|21|0|0|(3971)|empty
1896684377507638119|734488498|26|1656|237|(4391)|.569|29|29|0|0|(4290)|empty
1896684377507638119|734488498|27|1656|210|(4617)|.584|29|29|0|0|(4500)|empty
1896684377507638119|734488498|28|1326|178|(4792)|.636|29|29|0|0|(4699)|empty
1896684377507638119|734488498|29|7|1|(4800)|.000|7|3|0|0|(4800)|empty
1896684377507638119|734488498|30|1604|238|(5031)|.471|29|21|0|0|(4908)|empty
1896684377507638119|734488498|31|1604|236|(5253)|.442|21|21|0|0|(5038)|empty
1896684377507638119|734488498|32|1604|213|(5484)|.491|29|29|0|0|(5273)|empty
1896684377507638119|734488498|33|1597|257|(5742)|.458|29|21|0|0|(5639)|empty
1896684377507638119|734488498|34|1590|224|(5967)|.699|36|29|0|0|(5934)|empty
1896684377507638119|734488498|35|1604|228|(6208)|.510|29|21|0|0|(6095)|empty
1896684377507638119|734488498|36|1604|231|(6438)|.456|29|21|0|0|(6430)|empty
1896684377507638119|734488498|37|1604|309|(6686)|.481|29|29|0|0|(6552)|empty
1896684377507638119|734488498|38|1590|206|(6900)|.601|36|29|0|0|(6890)|empty
1896684377507638119|734488498|39|1590|265|(7134)|.443|21|21|0|0|(6903)|empty
1896684377507638119|734488498|40|7|1|(7143)|.000|7|3|0|0|(7143)|empty
1896684377507638119|734488498|41|1589|223|(7383)|.495|29|21|0|0|(7178)|empty
1896684377507638119|734488498|42|1611|228|(7607)|.571|29|29|0|0|(7385)|empty
1896684377507638119|734488498|43|1603|200|(7812)|.547|29|29|0|0|(7721)|empty
1896684377507638119|734488498|44|1611|264|(8072)|.472|29|21|0|0|(8002)|empty
1896684377507638119|734488498|45|1611|228|(8315)|.497|29|29|0|0|(8099)|empty
1896684377507638119|734488498|46|1611|223|(8534)|.558|29|29|0|0|(8323)|empty
1896684377507638119|734488498|47|1611|321|(8797)|.449|36|21|0|0|(8555)|empty
1896684377507638119|734488498|48|1596|203|(9007)|.525|29|29|0|0|(8818)|empty
1896684377507638119|734488498|49|1618|210|(9236)|.514|29|21|0|0|(9200)|empty
1896684377507638119|734488498|50|1208|187|(9436)|.473|29|21|0|0|(9248)|empty
1896684377507638119|734488498|51|7|1|(9444)|.000|7|3|0|0|(9444)|empty
1896684377507638119|734488498|52|1376|212|(9639)|.529|29|29|0|0|(9530)|empty
1896684377507638119|734488498|53|1369|220|(9868)|.514|29|29|0|0|(9766)|empty
1896684377507638119|734488498|54|1369|189|(10042)|.751|36|29|0|0|(9939)|empty
1896684377507638119|734488498|55|1384|226|(10247)|.483|29|21|0|0|(10195)|empty
1896684377507638119|734488498|56|1391|176|(10435)|.651|29|29|0|0|(10266)|empty
1896684377507638119|734488503|0|0|0|(0)|.000|0|0|0|0|()|empty
1896684377507638119|734488503|1|1516|52|(52)|1.072|65|51|0|0|(38)|empty
1896684377507638119|734488503|2|1480|47|(98)|1.445|65|65|0|0|(59)|empty
1896684377507638119|734488503|3|1502|50|(147)|1.296|58|58|0|0|(122)|empty
1896684377507638119|734488503|4|1509|51|(197)|1.195|58|58|0|0|(151)|empty
1896684377507638119|734488503|5|1495|42|(240)|.869|65|58|0|0|(215)|empty
1896684377507638119|734488503|6|1524|49|(288)|1.298|65|58|0|0|(248)|empty
1896684377507638119|734488503|7|1509|53|(340)|.951|51|43|0|0|(336)|empty
1896684377507638119|734488503|8|1524|50|(389)|1.115|65|51|0|0|(373)|empty
1896684377507638119|734488503|9|1524|45|(433)|1.893|73|73|0|0|(407)|empty
1896684377507638119|734488503|10|1517|46|(479)|1.204|58|58|0|0|(447)|empty
1896684377507638119|734488503|11|1509|55|(533)|.999|51|51|0|0|(501)|empty
1896684377507638119|734488503|12|1487|50|(583)|1.338|73|65|0|0|(583)|empty
1896684377507638119|734488503|13|1517|47|(630)|.948|58|58|0|0|(588)|empty
1896684377507638119|734488503|14|1495|43|(674)|1.088|58|58|0|0|(632)|empty
1896684377507638119|734488503|15|1509|48|(721)|1.356|58|51|0|0|(714)|empty
1896684377507638119|734488503|16|1502|50|(770)|1.506|65|58|0|0|(768)|empty
1896684377507638119|734488503|17|270|9|(779)|.974|43|43|0|0|(773)|empty
1896684377507638119|734488503|18|36|1|(782)|.000|36|0|0|0|(782)|empty
1896684377507638119|734488503|19|1546|51|(832)|1.449|58|58|0|0|(827)|empty
1896684377507638119|734488503|20|1517|51|(883)|1.441|65|51|0|0|(859)|empty
1896684377507638119|734488503|21|1560|45|(928)|1.072|65|58|0|0|(920)|empty
1896684377507638119|734488503|22|1553|55|(981)|1.277|58|58|0|0|(933)|empty
1896684377507638119|734488503|23|1539|48|(1030)|1.425|73|58|0|0|(1019)|empty
1896684377507638119|734488503|24|1531|48|(1079)|.802|51|51|0|0|(1038)|empty
1896684377507638119|734488503|25|1524|47|(1126)|1.520|58|58|0|0|(1088)|empty
1896684377507638119|734488503|26|1539|50|(1176)|1.461|65|58|0|0|(1151)|empty
1896684377507638119|734488503|27|1568|52|(1227)|1.329|58|58|0|0|(1192)|empty
1896684377507638119|734488503|28|1560|54|(1281)|1.394|58|58|0|0|(1266)|empty
1896684377507638119|734488503|29|1567|56|(1337)|1.320|65|58|0|0|(1333)|empty
1896684377507638119|734488503|30|1538|50|(1385)|1.599|58|58|0|0|(1354)|empty
1896684377507638119|734488503|31|1581|58|(1441)|1.546|65|58|0|0|(1401)|empty
1896684377507638119|734488503|32|1538|52|(1493)|.957|51|51|0|0|(1452)|empty
1896684377507638119|734488503|33|1581|56|(1547)|1.280|58|58|0|0|(1528)|empty
1896684377507638119|734488503|34|1581|51|(1599)|1.293|65|58|0|0|(1565)|empty
1896684377507638119|734488503|35|1574|52|(1653)|1.330|58|58|0|0|(1614)|empty
1896684377507638119|734488503|36|1545|55|(1708)|1.457|65|58|0|0|(1686)|empty
1896684377507638119|734488503|37|1516|47|(1754)|1.204|58|51|0|0|(1752)|empty
1896684377507638119|734488503|38|1574|47|(1802)|1.758|80|58|0|0|(1755)|empty
1896684377507638119|734488503|39|1596|58|(1861)|1.184|58|51|0|0|(1821)|empty
1896684377507638119|734488503|40|1567|54|(1914)|1.398|73|51|0|0|(1914)|empty
1896684377507638119|734488503|41|1596|53|(1966)|1.162|65|58|0|0|(1940)|empty
1896684377507638119|734488503|42|1603|60|(2025)|1.151|65|51|0|0|(1967)|empty
1896684377507638119|734488503|43|1603|46|(2073)|.846|65|58|0|0|(2027)|empty
1896684377507638119|734488503|44|1552|51|(2125)|1.174|65|58|0|0|(2115)|empty
1896684377507638119|734488503|45|1596|63|(2186)|1.339|58|51|0|0|(2126)|empty
1896684377507638119|734488503|46|1596|56|(2242)|1.299|73|58|0|0|(2214)|empty
1896684377507638119|734488503|47|1603|52|(2293)|1.161|65|58|0|0|(2285)|empty
1896684377507638119|734488503|48|1618|53|(2346)|1.321|73|58|0|0|(2322)|empty
1896684377507638119|734488503|49|1662|53|(2399)|1.074|65|58|0|0|(2364)|empty
1896684377507638119|734488508|0|0|0|(DATE '1900-01-04')|.000|0|0|0|0|()|empty
1896684377507638119|734488508|1|1457|1457|(DATE '1904-04-06')|.000|1|1|0|0|(DATE '1900-01-04')|empty
1896684377507638119|734488508|2|1458|1458|(DATE '1908-01-18')|.000|1|1|0|0|(DATE '1904-04-25')|empty
1896684377507638119|734488508|3|1458|1458|(DATE '1911-11-06')|.000|1|1|0|0|(DATE '1908-02-13')|empty
1896684377507638119|734488508|4|1458|1458|(DATE '1916-01-30')|.000|1|1|0|0|(DATE '1911-11-11')|empty
1896684377507638119|734488508|5|1458|1458|(DATE '1919-07-05')|.000|1|1|0|0|(DATE '1916-02-02')|empty
1896684377507638119|734488508|6|1458|1458|(DATE '1923-04-17')|.000|1|1|0|0|(DATE '1919-07-08')|empty
1896684377507638119|734488508|7|1458|1458|(DATE '1927-07-02')|.000|1|1|0|0|(DATE '1923-04-19')|empty
1896684377507638119|734488508|8|1458|1458|(DATE '1931-05-14')|.000|1|1|0|0|(DATE '1927-07-11')|empty
1896684377507638119|734488508|9|1458|1458|(DATE '1935-01-20')|.000|1|1|0|0|(DATE '1931-05-20')|empty
1896684377507638119|734488508|10|1458|1458|(DATE '1938-09-12')|.000|1|1|0|0|(DATE '1935-01-26')|empty
1896684377507638119|734488508|11|1458|1458|(DATE '1942-12-12')|.000|1|1|0|0|(DATE '1938-09-14')|empty
1896684377507638119|734488508|12|1458|1458|(DATE '1947-03-17')|.000|1|1|0|0|(DATE '1942-12-15')|empty
1896684377507638119|734488508|13|1458|1458|(DATE '1950-09-13')|.000|1|1|0|0|(DATE '1947-03-26')|empty
1896684377507638119|734488508|14|1458|1458|(DATE '1954-05-01')|.000|1|1|0|0|(DATE '1950-09-19')|empty
1896684377507638119|734488508|15|1458|1458|(DATE '1958-05-12')|.000|1|1|0|0|(DATE '1954-05-10')|empty
1896684377507638119|734488508|16|1458|1458|(DATE '1962-02-10')|.000|1|1|0|0|(DATE '1958-05-20')|empty
1896684377507638119|734488508|17|1458|1458|(DATE '1966-02-12')|.000|1|1|0|0|(DATE '1962-02-17')|empty
1896684377507638119|734488508|18|1458|1458|(DATE '1970-02-22')|.000|1|1|0|0|(DATE '1966-02-23')|empty
1896684377507638119|734488508|19|1458|1458|(DATE '1974-02-12')|.000|1|1|0|0|(DATE '1970-03-19')|empty
1896684377507638119|734488508|20|1458|1458|(DATE '1977-09-30')|.000|1|1|0|0|(DATE '1974-02-17')|empty
1896684377507638119|734488508|21|1458|1458|(DATE '1981-11-03')|.000|1|1|0|0|(DATE '1977-10-05')|empty
1896684377507638119|734488508|22|1458|1458|(DATE '1985-09-13')|.000|1|1|0|0|(DATE '1981-11-14')|empty
1896684377507638119|734488508|23|1458|1458|(DATE '1989-07-15')|.000|1|1|0|0|(DATE '1985-09-28')|empty
1896684377507638119|734488508|24|1458|1458|(DATE '1993-06-26')|.000|1|1|0|0|(DATE '1989-07-25')|empty
1896684377507638119|734488508|25|1458|1458|(DATE '1997-03-11')|.000|1|1|0|0|(DATE '1993-06-28')|empty
1896684377507638119|734488508|26|1458|1458|(DATE '2001-02-21')|.000|1|1|0|0|(DATE '1997-03-15')|empty
1896684377507638119|734488508|27|1465|1465|(DATE '2005-04-02')|.000|1|1|0|0|(DATE '2001-03-10')|empty
1896684377507638119|734488508|28|1465|1465|(DATE '2009-10-20')|.000|1|1|0|0|(DATE '2005-04-08')|empty
1896684377507638119|734488508|29|1465|1465|(DATE '2013-09-30')|.000|1|1|0|0|(DATE '2009-10-23')|empty
1896684377507638119|734488508|30|1465|1465|(DATE '2017-08-20')|.000|1|1|0|0|(DATE '2013-10-08')|empty
1896684377507638119|734488508|31|1465|1465|(DATE '2022-01-14')|.000|1|1|0|0|(DATE '2017-08-22')|empty
1896684377507638119|734488508|32|1465|1465|(DATE '2026-04-15')|.000|1|1|0|0|(DATE '2022-01-24')|empty
1896684377507638119|734488508|33|1464|1464|(DATE '2030-05-02')|.000|1|1|0|0|(DATE '2026-05-11')|empty
1896684377507638119|734488508|34|1464|1464|(DATE '2034-06-19')|.000|1|1|0|0|(DATE '2030-05-09')|empty
1896684377507638119|734488508|35|1464|1464|(DATE '2038-07-10')|.000|1|1|0|0|(DATE '2034-06-21')|empty
1896684377507638119|734488508|36|1464|1464|(DATE '2043-02-16')|.000|1|1|0|0|(DATE '2038-07-11')|empty
1896684377507638119|734488508|37|1464|1464|(DATE '2046-06-25')|.000|1|1|0|0|(DATE '2043-02-17')|empty
1896684377507638119|734488508|38|1464|1464|(DATE '2050-04-12')|.000|1|1|0|0|(DATE '2046-06-27')|empty
1896684377507638119|734488508|39|1464|1464|(DATE '2054-10-24')|.000|1|1|0|0|(DATE '2050-04-23')|empty
1896684377507638119|734488508|40|1464|1464|(DATE '2059-01-03')|.000|1|1|0|0|(DATE '2054-11-02')|empty
1896684377507638119|734488508|41|1464|1464|(DATE '2062-12-16')|.000|1|1|0|0|(DATE '2059-01-17')|empty
1896684377507638119|734488508|42|1464|1464|(DATE '2067-04-16')|.000|1|1|0|0|(DATE '2062-12-22')|empty
1896684377507638119|734488508|43|1464|1464|(DATE '2071-03-30')|.000|1|1|0|0|(DATE '2067-04-19')|empty
1896684377507638119|734488508|44|1464|1464|(DATE '2075-02-17')|.000|1|1|0|0|(DATE '2071-04-05')|empty
1896684377507638119|734488508|45|1464|1464|(DATE '2079-09-24')|.000|1|1|0|0|(DATE '2075-03-10')|empty
1896684377507638119|734488508|46|1464|1464|(DATE '2084-01-08')|.000|1|1|0|0|(DATE '2079-10-14')|empty
1896684377507638119|734488508|47|1464|1464|(DATE '2088-03-22')|.000|1|1|0|0|(DATE '2084-01-16')|empty
1896684377507638119|734488508|48|1464|1464|(DATE '2092-01-12')|.000|1|1|0|0|(DATE '2088-04-14')|empty
1896684377507638119|734488508|49|1464|1464|(DATE '2096-02-13')|.000|1|1|0|0|(DATE '2092-01-23')|empty
1896684377507638119|734488508|50|1464|1464|(DATE '2099-12-27')|.000|1|1|0|0|(DATE '2096-02-19')|empty
1896684377507638119|734488513|0|0|0|('AAAAAAAAAAAIFCAA')|.000|0|0|0|0|()|empty
1896684377507638119|734488513|1|1171|1171|('AAAAAAAAADLNFCAA')|.000|1|1|0|0|('AAAAAAAAAAAIFCAA')|empty
1896684377507638119|734488513|2|1172|1172|('AAAAAAAAAHLOFCAA')|.000|1|1|0|0|('AAAAAAAAADMGFCAA')|empty
1896684377507638119|734488513|3|1172|1172|('AAAAAAAAALLIFCAA')|.000|1|1|0|0|('AAAAAAAAAHNMFCAA')|empty
1896684377507638119|734488513|4|1172|1172|('AAAAAAAAAPFFFCAA')|.000|1|1|0|0|('AAAAAAAAALLNECAA')|empty
1896684377507638119|734488513|5|1172|1172|('AAAAAAAABEALFCAA')|.000|1|1|0|0|('AAAAAAAAAPGBFCAA')|empty
1896684377507638119|734488513|6|1172|1172|('AAAAAAAABICFFCAA')|.000|1|1|0|0|('AAAAAAAABEANFCAA')|empty
1896684377507638119|734488513|7|1172|1172|('AAAAAAAABMIBFCAA')|.000|1|1|0|0|('AAAAAAAABICLFCAA')|empty
1896684377507638119|734488513|8|1172|1172|('AAAAAAAACAJBFCAA')|.000|1|1|0|0|('AAAAAAAABMIGFCAA')|empty
1896684377507638119|734488513|9|1180|1180|('AAAAAAAACEOIFCAA')|.000|1|1|0|0|('AAAAAAAACAJCFCAA')|empty
1896684377507638119|734488513|10|1180|1180|('AAAAAAAACJFOECAA')|.000|1|1|0|0|('AAAAAAAACEOLFCAA')|empty
1896684377507638119|734488513|11|1180|1180|('AAAAAAAACNJEFCAA')|.000|1|1|0|0|('AAAAAAAACJGJFCAA')|empty
1896684377507638119|734488513|12|1180|1180|('AAAAAAAADBMGFCAA')|.000|1|1|0|0|('AAAAAAAACNJIFCAA')|empty
1896684377507638119|734488513|13|1180|1180|('AAAAAAAADFHGFCAA')|.000|1|1|0|0|('AAAAAAAADBNAFCAA')|empty
1896684377507638119|734488513|14|1180|1180|('AAAAAAAADJLAFCAA')|.000|1|1|0|0|('AAAAAAAADFICFCAA')|empty
1896684377507638119|734488513|15|1180|1180|('AAAAAAAADOGPECAA')|.000|1|1|0|0|('AAAAAAAADJLOFCAA')|empty
1896684377507638119|734488513|16|1180|1180|('AAAAAAAAECIEFCAA')|.000|1|1|0|0|('AAAAAAAADOGPFCAA')|empty
1896684377507638119|734488513|17|1179|1179|('AAAAAAAAEGKHFCAA')|.000|1|1|0|0|('AAAAAAAAECIKFCAA')|empty
1896684377507638119|734488513|18|1179|1179|('AAAAAAAAEKMNECAA')|.000|1|1|0|0|('AAAAAAAAEGKIFCAA')|empty
1896684377507638119|734488513|19|1179|1179|('AAAAAAAAEOMBFCAA')|.000|1|1|0|0|('AAAAAAAAEKMPECAA')|empty
1896684377507638119|734488513|20|1179|1179|('AAAAAAAAFCMJFCAA')|.000|1|1|0|0|('AAAAAAAAEOMCFCAA')|empty
1896684377507638119|734488513|21|1179|1179|('AAAAAAAAFGDOFCAA')|.000|1|1|0|0|('AAAAAAAAFCMOFCAA')|empty
1896684377507638119|734488513|22|1179|1179|('AAAAAAAAFKLKFCAA')|.000|1|1|0|0|('AAAAAAAAFGEHFCAA')|empty
1896684377507638119|734488513|23|1179|1179|('AAAAAAAAFOEKFCAA')|.000|1|1|0|0|('AAAAAAAAFKMGFCAA')|empty
1896684377507638119|734488513|24|1179|1179|('AAAAAAAAGCLBFCAA')|.000|1|1|0|0|('AAAAAAAAFOFAFCAA')|empty
1896684377507638119|734488513|25|1179|1179|('AAAAAAAAGHBAFCAA')|.000|1|1|0|0|('AAAAAAAAGCMBFCAA')|empty
1896684377507638119|734488513|26|1179|1179|('AAAAAAAAGLKJFCAA')|.000|1|1|0|0|('AAAAAAAAGHBOECAA')|empty
1896684377507638119|734488513|27|1179|1179|('AAAAAAAAGPOEFCAA')|.000|1|1|0|0|('AAAAAAAAGLKPECAA')|empty
1896684377507638119|734488513|28|1179|1179|('AAAAAAAAHEEGFCAA')|.000|1|1|0|0|('AAAAAAAAGPONFCAA')|empty
1896684377507638119|734488513|29|1179|1179|('AAAAAAAAHIJPECAA')|.000|1|1|0|0|('AAAAAAAAHEFMFCAA')|empty
1896684377507638119|734488513|30|1179|1179|('AAAAAAAAHMGEFCAA')|.000|1|1|0|0|('AAAAAAAAHIKIFCAA')|empty
1896684377507638119|734488513|31|1179|1179|('AAAAAAAAIAAFFCAA')|.000|1|1|0|0|('AAAAAAAAHMGGFCAA')|empty
1896684377507638119|734488513|32|1179|1179|('AAAAAAAAIDPKFCAA')|.000|1|1|0|0|('AAAAAAAAIAAPECAA')|empty
1896684377507638119|734488513|33|1179|1179|('AAAAAAAAIIFLFCAA')|.000|1|1|0|0|('AAAAAAAAIEADFCAA')|empty
1896684377507638119|734488513|34|1179|1179|('AAAAAAAAIMIFFCAA')|.000|1|1|0|0|('AAAAAAAAIIFPECAA')|empty
1896684377507638119|734488513|35|1179|1179|('AAAAAAAAJAJIFCAA')|.000|1|1|0|0|('AAAAAAAAIMIGFCAA')|empty
1896684377507638119|734488513|36|1179|1179|('AAAAAAAAJEPHFCAA')|.000|1|1|0|0|('AAAAAAAAJAKBFCAA')|empty
1896684377507638119|734488513|37|1179|1179|('AAAAAAAAJJMMFCAA')|.000|1|1|0|0|('AAAAAAAAJEPLFCAA')|empty
1896684377507638119|734488513|38|1179|1179|('AAAAAAAAJOHPECAA')|.000|1|1|0|0|('AAAAAAAAJJMNECAA')|empty
1896684377507638119|734488513|39|1179|1179|('AAAAAAAAKCHLFCAA')|.000|1|1|0|0|('AAAAAAAAJOIFFCAA')|empty
1896684377507638119|734488513|40|1179|1179|('AAAAAAAAKGEOFCAA')|.000|1|1|0|0|('AAAAAAAAKCHOFCAA')|empty
1896684377507638119|734488513|41|1179|1179|('AAAAAAAAKKKGFCAA')|.000|1|1|0|0|('AAAAAAAAKGEPECAA')|empty
1896684377507638119|734488513|42|1179|1179|('AAAAAAAAKOLKFCAA')|.000|1|1|0|0|('AAAAAAAAKKKKFCAA')|empty
1896684377507638119|734488513|43|1179|1179|('AAAAAAAALDDMFCAA')|.000|1|1|0|0|('AAAAAAAAKOMEFCAA')|empty
1896684377507638119|734488513|44|1179|1179|('AAAAAAAALHEJFCAA')|.000|1|1|0|0|('AAAAAAAALDEDFCAA')|empty
1896684377507638119|734488513|45|1179|1179|('AAAAAAAALLFCFCAA')|.000|1|1|0|0|('AAAAAAAALHEKFCAA')|empty
1896684377507638119|734488513|46|1179|1179|('AAAAAAAALOODFCAA')|.000|1|1|0|0|('AAAAAAAALLFDFCAA')|empty
1896684377507638119|734488513|47|1179|1179|('AAAAAAAAMCOKFCAA')|.000|1|1|0|0|('AAAAAAAALOOLFCAA')|empty
1896684377507638119|734488513|48|1179|1179|('AAAAAAAAMGKDFCAA')|.000|1|1|0|0|('AAAAAAAAMCPAFCAA')|empty
1896684377507638119|734488513|49|1179|1179|('AAAAAAAAMKKAFCAA')|.000|1|1|0|0|('AAAAAAAAMGKNECAA')|empty
1896684377507638119|734488513|50|1179|1179|('AAAAAAAAMOIKFCAA')|.000|1|1|0|0|('AAAAAAAAMKKJFCAA')|empty
1896684377507638119|734488513|51|1179|1179|('AAAAAAAANCLNECAA')|.000|1|1|0|0|('AAAAAAAAMOJEFCAA')|empty
1896684377507638119|734488513|52|1179|1179|('AAAAAAAANGHIFCAA')|.000|1|1|0|0|('AAAAAAAANCMAFCAA')|empty
1896684377507638119|734488513|53|1179|1179|('AAAAAAAANKHIFCAA')|.000|1|1|0|0|('AAAAAAAANGHJFCAA')|empty
1896684377507638119|734488513|54|1179|1179|('AAAAAAAANONLFCAA')|.000|1|1|0|0|('AAAAAAAANKIAFCAA')|empty
1896684377507638119|734488513|55|1179|1179|('AAAAAAAAODGCFCAA')|.000|1|1|0|0|('AAAAAAAANONOECAA')|empty
1896684377507638119|734488513|56|1179|1179|('AAAAAAAAOHHGFCAA')|.000|1|1|0|0|('AAAAAAAAODGKFCAA')|empty
1896684377507638119|734488513|57|1179|1179|('AAAAAAAAOLFHFCAA')|.000|1|1|0|0|('AAAAAAAAOHHHFCAA')|empty
1896684377507638119|734488513|58|1179|1179|('AAAAAAAAOPMAFCAA')|.000|1|1|0|0|('AAAAAAAAOLGAFCAA')|empty
1896684377507638119|734488513|59|1179|1179|('AAAAAAAAPDIAFCAA')|.000|1|1|0|0|('AAAAAAAAOPMGFCAA')|empty
1896684377507638119|734488513|60|1179|1179|('AAAAAAAAPHLNECAA')|.000|1|1|0|0|('AAAAAAAAPDIOECAA')|empty
1896684377507638119|734488513|61|1179|1179|('AAAAAAAAPMABFCAA')|.000|1|1|0|0|('AAAAAAAAPHLPECAA')|empty
1896684377507638119|734488513|62|1179|1179|('AAAAAAAAPPPMFCAA')|.000|1|1|0|0|('AAAAAAAAPMADFCAA')|empty
1896684377507638119|734488518|0|0|0|(2415024)|.000|0|0|0|0|()|empty
1896684377507638119|734488518|1|556|556|(2415640)|.000|1|1|0|0|(2415024)|empty
1896684377507638119|734488518|2|1311|1311|(2416989)|.000|1|0|0|0|(2416989)|empty
1896684377507638119|734488518|3|849|849|(2417757)|.000|1|0|0|0|(2417757)|empty
1896684377507638119|734488518|4|1062|1062|(2418868)|.000|1|0|0|0|(2418868)|empty
1896684377507638119|734488518|5|1341|1341|(2420153)|.000|1|0|0|0|(2420153)|empty
1896684377507638119|734488518|6|681|681|(2420862)|.000|1|0|0|0|(2420862)|empty
1896684377507638119|734488518|7|1480|1480|(2422142)|.000|1|0|0|0|(2422142)|empty
1896684377507638119|734488518|8|1641|1641|(2423675)|.000|1|1|0|0|(2422145)|empty
1896684377507638119|734488518|9|1641|1641|(2425421)|.000|1|1|0|0|(2423679)|empty
1896684377507638119|734488518|10|1641|1641|(2427006)|.000|1|1|0|0|(2425446)|empty
1896684377507638119|734488518|11|805|805|(2427732)|.000|1|0|0|0|(2427732)|empty
1896684377507638119|734488518|12|1663|1663|(2429242)|.000|1|1|0|0|(2427735)|empty
1896684377507638119|734488518|13|1224|1224|(2430501)|.000|1|0|0|0|(2430501)|empty
1896684377507638119|734488518|14|1626|1626|(2432289)|.000|1|1|0|0|(2430518)|empty
1896684377507638119|734488518|15|1634|1634|(2433745)|.000|1|1|0|0|(2432300)|empty
1896684377507638119|734488518|16|1634|1634|(2435242)|.000|1|1|0|0|(2433751)|empty
1896684377507638119|734488518|17|1634|1634|(2436848)|.000|1|1|0|0|(2435248)|empty
1896684377507638119|734488518|18|190|190|(2436988)|.000|1|1|0|0|(2436849)|empty
1896684377507638119|734488518|19|7|7|(2437043)|.000|1|0|0|0|(2437043)|empty
1896684377507638119|734488518|20|1626|1626|(2438587)|.000|1|1|0|0|(2437044)|empty
1896684377507638119|734488518|21|139|139|(2438753)|.000|1|1|0|0|(2438590)|empty
1896684377507638119|734488518|22|7|7|(2438821)|.000|1|0|0|0|(2438821)|empty
1896684377507638119|734488518|23|1619|1619|(2440401)|.000|1|1|0|0|(2438833)|empty
1896684377507638119|734488518|24|1619|1619|(2442028)|.000|1|1|0|0|(2440410)|empty
1896684377507638119|734488518|25|1619|1619|(2443476)|.000|1|1|0|0|(2442044)|empty
1896684377507638119|734488518|26|1619|1619|(2445173)|.000|1|1|0|0|(2443477)|empty
1896684377507638119|734488518|27|695|695|(2445866)|.000|1|0|0|0|(2445866)|empty
1896684377507638119|734488518|28|1348|1348|(2447146)|.000|1|0|0|0|(2447146)|empty
1896684377507638119|734488518|29|1568|1568|(2448563)|.000|1|1|0|0|(2447147)|empty
1896684377507638119|734488518|30|7|7|(2448616)|.000|1|0|0|0|(2448616)|empty
1896684377507638119|734488518|31|1604|1604|(2450234)|.000|1|1|0|0|(2448637)|empty
1896684377507638119|734488518|32|1604|1604|(2451789)|.000|1|1|0|0|(2450240)|empty
1896684377507638119|734488518|33|900|900|(2452720)|.000|1|0|0|0|(2452720)|empty
1896684377507638119|734488518|34|1641|1641|(2454468)|.000|1|1|0|0|(2452724)|empty
1896684377507638119|734488518|35|1641|1641|(2456231)|.000|1|1|0|0|(2454469)|empty
1896684377507638119|734488518|36|1641|1641|(2457770)|.000|1|1|0|0|(2456232)|empty
1896684377507638119|734488518|37|1641|1641|(2459548)|.000|1|1|0|0|(2457806)|empty
1896684377507638119|734488518|38|1641|1641|(2461269)|.000|1|1|0|0|(2459549)|empty
1896684377507638119|734488518|39|1641|1641|(2462885)|.000|1|1|0|0|(2461273)|empty
1896684377507638119|734488518|40|1641|1641|(2464533)|.000|1|1|0|0|(2462893)|empty
1896684377507638119|734488518|41|395|395|(2464959)|.000|1|1|0|0|(2464560)|empty
1896684377507638119|734488518|42|7|7|(2465022)|.000|1|0|0|0|(2465022)|empty
1896684377507638119|734488518|43|1612|1612|(2466712)|.000|1|1|0|0|(2465023)|empty
1896684377507638119|734488518|44|1611|1611|(2468290)|.000|1|1|0|0|(2466713)|empty
1896684377507638119|734488518|45|1611|1611|(2469715)|.000|1|1|0|0|(2468303)|empty
1896684377507638119|734488518|46|1611|1611|(2471560)|.000|1|1|0|0|(2469717)|empty
1896684377507638119|734488518|47|1611|1611|(2473270)|.000|1|1|0|0|(2471562)|empty
1896684377507638119|734488518|48|1611|1611|(2474786)|.000|1|1|0|0|(2473275)|empty
1896684377507638119|734488518|49|1611|1611|(2476637)|.000|1|1|0|0|(2474789)|empty
1896684377507638119|734488518|50|1611|1611|(2478102)|.000|1|1|0|0|(2476639)|empty
1896684377507638119|734488518|51|1611|1611|(2479732)|.000|1|1|0|0|(2478108)|empty
1896684377507638119|734488518|52|1171|1171|(2481067)|.000|1|1|0|0|(2479738)|empty
1896684377507638119|734488518|53|7|7|(2481128)|.000|1|0|0|0|(2481128)|empty
1896684377507638119|734488518|54|1376|1376|(2482491)|.000|1|1|0|0|(2481138)|empty
1896684377507638119|734488518|55|1376|1376|(2484100)|.000|1|1|0|0|(2482496)|empty
1896684377507638119|734488518|56|1376|1376|(2485322)|.000|1|1|0|0|(2484101)|empty
1896684377507638119|734488518|57|615|615|(2485928)|.000|1|1|0|0|(2485324)|empty
1896684377507638119|734488518|58|7|7|(2485985)|.000|1|0|0|0|(2485985)|empty
1896684377507638119|734488518|59|1069|1069|(2487009)|.000|1|1|0|0|(2485988)|empty
1896684377507638119|734488518|60|1069|1069|(2488065)|.000|1|1|0|0|(2487015)|empty
1896684377507638119|734488523|0|0|0|(1,1,1900)|.000|0|0|0|0|()|empty
1896684377507638119|734488523|1|73049|73049|(31,12,2099)|.000|1|1|0|0|(1,1,1904)|empty
1896684377507638119|734488529|0|0|0|(0,1900)|.000|0|0|0|0|()|empty
1896684377507638119|734488529|1|73049|1400|(6,2099)|.606|118|110|0|0|(0,1923)|empty
1896684377507638119|734488532|0|0|0|(1,1900)|.000|0|0|0|0|()|empty
1896684377507638119|734488532|1|73049|2371|(12,2099)|1.379|80|80|0|0|(4,1965)|empty
1896684377507638119|734488538|0|0|0|(1,1,1900)|.000|0|0|0|0|()|empty
1896684377507638119|734488538|1|73049|2417|(4,12,2097)|1.412|87|87|0|0|(1,1,2013)|empty
1896684377507638119|734488542|0|0|0|(1,1900)|.000|0|0|0|0|()|empty
1896684377507638119|734488542|1|73049|800|(4,2099)|.000|182|168|0|0|(3,2043)|empty
