6423927512735897325|447362109|0|0|0|(10000)|.000|0|0|0|0|()|empty
6423927512735897325|447362109|1|1|1|(10000)|.000|1|0|0|0|(10000)|empty
6423927512735897325|447362109|2|1|1|(20000)|.000|1|0|0|0|(20000)|empty
6423927512735897325|447362109|3|1|1|(30000)|.000|1|0|0|0|(30000)|empty
6423927512735897325|447362109|4|1|1|(40000)|.000|1|0|0|0|(40000)|empty
6423927512735897325|447362109|5|1|1|(50000)|.000|1|0|0|0|(50000)|empty
6423927512735897325|447362109|6|1|1|(60000)|.000|1|0|0|0|(60000)|empty
6423927512735897325|447362109|7|1|1|(70000)|.000|1|0|0|0|(70000)|empty
6423927512735897325|447362109|8|1|1|(80000)|.000|1|0|0|0|(80000)|empty
6423927512735897325|447362109|9|1|1|(90000)|.000|1|0|0|0|(90000)|empty
6423927512735897325|447362109|10|1|1|(100000)|.000|1|0|0|0|(100000)|empty
6423927512735897325|447362109|11|1|1|(110000)|.000|1|0|0|0|(110000)|empty
6423927512735897325|447362109|12|1|1|(120000)|.000|1|0|0|0|(120000)|empty
6423927512735897325|447362109|13|1|1|(130000)|.000|1|0|0|0|(130000)|empty
6423927512735897325|447362109|14|1|1|(140000)|.000|1|0|0|0|(140000)|empty
6423927512735897325|447362109|15|1|1|(150000)|.000|1|0|0|0|(150000)|empty
6423927512735897325|447362109|16|1|1|(160000)|.000|1|0|0|0|(160000)|empty
6423927512735897325|447362109|17|1|1|(170000)|.000|1|0|0|0|(170000)|empty
6423927512735897325|447362109|18|1|1|(180000)|.000|1|0|0|0|(180000)|empty
6423927512735897325|447362109|19|1|1|(190000)|.000|1|0|0|0|(190000)|empty
6423927512735897325|447362109|20|1|1|(200000)|.000|1|0|0|0|(200000)|empty
6423927512735897325|447362112|0|0|0|(0)|.000|0|0|0|0|()|empty
6423927512735897325|447362112|1|1|1|(0)|.000|1|0|0|0|(0)|empty
6423927512735897325|447362112|2|1|1|(10001)|.000|1|0|0|0|(10001)|empty
6423927512735897325|447362112|3|1|1|(20001)|.000|1|0|0|0|(20001)|empty
6423927512735897325|447362112|4|1|1|(30001)|.000|1|0|0|0|(30001)|empty
6423927512735897325|447362112|5|1|1|(40001)|.000|1|0|0|0|(40001)|empty
6423927512735897325|447362112|6|1|1|(50001)|.000|1|0|0|0|(50001)|empty
6423927512735897325|447362112|7|1|1|(60001)|.000|1|0|0|0|(60001)|empty
6423927512735897325|447362112|8|1|1|(70001)|.000|1|0|0|0|(70001)|empty
6423927512735897325|447362112|9|1|1|(80001)|.000|1|0|0|0|(80001)|empty
6423927512735897325|447362112|10|1|1|(90001)|.000|1|0|0|0|(90001)|empty
6423927512735897325|447362112|11|1|1|(100001)|.000|1|0|0|0|(100001)|empty
6423927512735897325|447362112|12|1|1|(110001)|.000|1|0|0|0|(110001)|empty
6423927512735897325|447362112|13|1|1|(120001)|.000|1|0|0|0|(120001)|empty
6423927512735897325|447362112|14|1|1|(130001)|.000|1|0|0|0|(130001)|empty
6423927512735897325|447362112|15|1|1|(140001)|.000|1|0|0|0|(140001)|empty
6423927512735897325|447362112|16|1|1|(150001)|.000|1|0|0|0|(150001)|empty
6423927512735897325|447362112|17|1|1|(160001)|.000|1|0|0|0|(160001)|empty
6423927512735897325|447362112|18|1|1|(170001)|.000|1|0|0|0|(170001)|empty
6423927512735897325|447362112|19|1|1|(180001)|.000|1|0|0|0|(180001)|empty
6423927512735897325|447362112|20|1|1|(190001)|.000|1|0|0|0|(190001)|empty
6423927512735897325|447362119|0|0|0|(1)|.000|0|0|0|0|()|empty
6423927512735897325|447362119|1|1|1|(1)|.000|1|0|0|0|(1)|empty
6423927512735897325|447362119|2|1|1|(2)|.000|1|0|0|0|(2)|empty
6423927512735897325|447362119|3|1|1|(3)|.000|1|0|0|0|(3)|empty
6423927512735897325|447362119|4|1|1|(4)|.000|1|0|0|0|(4)|empty
6423927512735897325|447362119|5|1|1|(5)|.000|1|0|0|0|(5)|empty
6423927512735897325|447362119|6|1|1|(6)|.000|1|0|0|0|(6)|empty
6423927512735897325|447362119|7|1|1|(7)|.000|1|0|0|0|(7)|empty
6423927512735897325|447362119|8|1|1|(8)|.000|1|0|0|0|(8)|empty
6423927512735897325|447362119|9|1|1|(9)|.000|1|0|0|0|(9)|empty
6423927512735897325|447362119|10|1|1|(10)|.000|1|0|0|0|(10)|empty
6423927512735897325|447362119|11|1|1|(11)|.000|1|0|0|0|(11)|empty
6423927512735897325|447362119|12|1|1|(12)|.000|1|0|0|0|(12)|empty
6423927512735897325|447362119|13|1|1|(13)|.000|1|0|0|0|(13)|empty
6423927512735897325|447362119|14|1|1|(14)|.000|1|0|0|0|(14)|empty
6423927512735897325|447362119|15|1|1|(15)|.000|1|0|0|0|(15)|empty
6423927512735897325|447362119|16|1|1|(16)|.000|1|0|0|0|(16)|empty
6423927512735897325|447362119|17|1|1|(17)|.000|1|0|0|0|(17)|empty
6423927512735897325|447362119|18|1|1|(18)|.000|1|0|0|0|(18)|empty
6423927512735897325|447362119|19|1|1|(19)|.000|1|0|0|0|(19)|empty
6423927512735897325|447362119|20|1|1|(20)|.000|1|0|0|0|(20)|empty
