1896684377507636910|807478115|0|0|0|(0.0000000E+000)|.000|0|0|0|0|()|empty
1896684377507636910|807478115|1|76|1|(0.0000000E+000)|.000|76|0|0|0|(0.0000000E+000)|empty
1896684377507636910|807478115|2|88|1|(9.9999997E-003)|.000|88|0|0|0|(9.9999997E-003)|empty
1896684377507636910|807478115|3|93|1|(1.9999999E-002)|.000|93|0|0|0|(1.9999999E-002)|empty
1896684377507636910|807478115|4|97|1|(2.9999999E-002)|.000|97|0|0|0|(2.9999999E-002)|empty
1896684377507636910|807478115|5|73|1|(3.9999999E-002)|.000|73|0|0|0|(3.9999999E-002)|empty
1896684377507636910|807478115|6|84|1|(5.0000000E-002)|.000|84|0|0|0|(5.0000000E-002)|empty
1896684377507636910|807478115|7|64|1|(5.9999998E-002)|.000|64|0|0|0|(5.9999998E-002)|empty
1896684377507636910|807478115|8|72|1|(7.0000000E-002)|.000|72|0|0|0|(7.0000000E-002)|empty
1896684377507636910|807478115|9|87|1|(7.9999998E-002)|.000|87|0|0|0|(7.9999998E-002)|empty
1896684377507636910|807478115|10|82|1|(9.0000003E-002)|.000|82|0|0|0|(9.0000003E-002)|empty
1896684377507636910|807478115|11|84|1|(1.0000000E-001)|.000|84|0|0|0|(1.0000000E-001)|empty
1896684377507636910|807478115|12|94|1|(1.0999999E-001)|.000|94|0|0|0|(1.0999999E-001)|empty
1896684377507636910|807478115|13|8|1|(NULL)|.000|0|0|0|0|()|empty
1896684377507636910|807478120|0|0|0|(-8.0000000E+000)|.000|0|0|0|0|()|empty
1896684377507636910|807478120|1|36|1|(-8.0000000E+000)|.000|36|0|0|0|(-8.0000000E+000)|empty
1896684377507636910|807478120|2|72|1|(-7.0000000E+000)|.000|72|0|0|0|(-7.0000000E+000)|empty
1896684377507636910|807478120|3|368|1|(-6.0000000E+000)|.000|368|0|0|0|(-6.0000000E+000)|empty
1896684377507636910|807478120|4|520|1|(-5.0000000E+000)|.000|520|0|0|0|(-5.0000000E+000)|empty
1896684377507636910|807478120|5|6|1|(NULL)|.000|0|0|0|0|()|empty
1896684377507636910|807478125|0|0|0|('')|.000|0|0|0|0|()|empty
1896684377507636910|807478125|1|5|1|('')|.000|5|0|0|0|('')|empty
1896684377507636910|807478125|2|997|1|('United States')|.000|997|0|0|0|('United States')|empty
1896684377507636910|807478130|0|0|0|('')|.000|0|0|0|0|()|empty
1896684377507636910|807478130|1|7|1|('')|.000|7|0|0|0|('')|empty
1896684377507636910|807478130|2|16|9|('13451')|.916|3|3|0|0|('10059')|empty
1896684377507636910|807478130|3|14|8|('15281')|1.089|4|3|0|0|('15281')|empty
1896684377507636910|807478130|4|7|1|('15709')|.000|7|0|0|0|('15709')|empty
1896684377507636910|807478130|5|14|5|('16192')|.748|4|3|0|0|('16192')|empty
1896684377507636910|807478130|6|16|8|('18482')|1.322|5|3|0|0|('18054')|empty
1896684377507636910|807478130|7|16|7|('19532')|.880|4|3|0|0|('18877')|empty
1896684377507636910|807478130|8|7|3|('20162')|.942|3|3|0|0|('19584')|empty
1896684377507636910|807478130|9|6|1|('20411')|.000|6|0|0|0|('20411')|empty
1896684377507636910|807478130|10|6|1|('21387')|.000|6|0|0|0|('21387')|empty
1896684377507636910|807478130|11|15|9|('24536')|.816|3|3|0|0|('22477')|empty
1896684377507636910|807478130|12|14|7|('26098')|.755|3|3|0|0|('25709')|empty
1896684377507636910|807478130|13|13|5|('27057')|1.199|5|2|0|0|('26192')|empty
1896684377507636910|807478130|14|6|1|('28048')|.000|6|0|0|0|('28048')|empty
1896684377507636910|807478130|15|14|6|('28828')|1.374|5|3|0|0|('28054')|empty
1896684377507636910|807478130|16|14|8|('29532')|.968|4|2|0|0|('28877')|empty
1896684377507636910|807478130|17|11|4|('30162')|1.479|5|3|0|0|('29584')|empty
1896684377507636910|807478130|18|7|1|('30411')|.000|7|0|0|0|('30411')|empty
1896684377507636910|807478130|19|15|5|('31952')|.894|4|4|0|0|('31933')|empty
1896684377507636910|807478130|20|5|1|('32477')|.000|5|0|0|0|('32477')|empty
1896684377507636910|807478130|21|7|1|('32812')|.000|7|0|0|0|('32812')|empty
1896684377507636910|807478130|22|6|1|('33003')|.000|6|0|0|0|('33003')|empty
1896684377507636910|807478130|23|3|2|('33511')|.500|2|1|0|0|('33511')|empty
1896684377507636910|807478130|24|6|1|('33604')|.000|6|0|0|0|('33604')|empty
1896684377507636910|807478130|25|11|3|('34107')|1.247|5|4|0|0|('33951')|empty
1896684377507636910|807478130|26|6|1|('34136')|.000|6|0|0|0|('34136')|empty
1896684377507636910|807478130|27|9|1|('34536')|.000|9|0|0|0|('34536')|empty
1896684377507636910|807478130|28|7|1|('34593')|.000|7|0|0|0|('34593')|empty
1896684377507636910|807478130|29|10|2|('35709')|.000|5|5|0|0|('35281')|empty
1896684377507636910|807478130|30|10|1|('35752')|.000|10|0|0|0|('35752')|empty
1896684377507636910|807478130|31|6|1|('35804')|.000|6|0|0|0|('35804')|empty
1896684377507636910|807478130|32|13|5|('36614')|1.624|5|4|0|0|('36192')|empty
1896684377507636910|807478130|33|12|3|('37057')|.816|5|4|0|0|('36871')|empty
1896684377507636910|807478130|34|8|1|('37752')|.000|8|0|0|0|('37752')|empty
1896684377507636910|807478130|35|8|2|('38048')|.000|4|4|0|0|('37838')|empty
1896684377507636910|807478130|36|9|1|('38054')|.000|9|0|0|0|('38054')|empty
1896684377507636910|807478130|37|7|1|('38059')|.000|7|0|0|0|('38059')|empty
1896684377507636910|807478130|38|1|1|('38370')|.000|1|0|0|0|('38370')|empty
1896684377507636910|807478130|39|6|1|('38482')|.000|6|0|0|0|('38482')|empty
1896684377507636910|807478130|40|2|2|('38605')|.000|1|1|0|0|('38579')|empty
1896684377507636910|807478130|41|6|1|('38721')|.000|6|0|0|0|('38721')|empty
1896684377507636910|807478130|42|8|1|('38828')|.000|8|0|0|0|('38828')|empty
1896684377507636910|807478130|43|7|1|('38877')|.000|7|0|0|0|('38877')|empty
1896684377507636910|807478130|44|2|1|('39003')|.000|2|0|0|0|('39003')|empty
1896684377507636910|807478130|45|6|1|('39231')|.000|6|0|0|0|('39231')|empty
1896684377507636910|807478130|46|1|1|('39275')|.000|1|0|0|0|('39275')|empty
1896684377507636910|807478130|47|6|1|('39303')|.000|6|0|0|0|('39303')|empty
1896684377507636910|807478130|48|2|1|('39431')|.000|2|0|0|0|('39431')|empty
1896684377507636910|807478130|49|6|1|('39532')|.000|6|0|0|0|('39532')|empty
1896684377507636910|807478130|50|14|5|('40587')|.748|4|3|0|0|('40587')|empty
1896684377507636910|807478130|51|14|6|('42812')|.745|3|3|0|0|('41933')|empty
1896684377507636910|807478130|52|2|1|('43003')|.000|2|0|0|0|('43003')|empty
1896684377507636910|807478130|53|7|1|('43451')|.000|7|0|0|0|('43451')|empty
1896684377507636910|807478130|54|8|2|('43951')|1.000|5|3|0|0|('43951')|empty
1896684377507636910|807478130|55|7|1|('44098')|.000|7|0|0|0|('44098')|empty
1896684377507636910|807478130|56|16|6|('45709')|1.490|5|4|0|0|('44593')|empty
1896684377507636910|807478130|57|2|1|('45752')|.000|2|0|0|0|('45752')|empty
1896684377507636910|807478130|58|8|1|('45804')|.000|8|0|0|0|('45804')|empty
1896684377507636910|807478130|59|7|2|('46192')|.500|4|3|0|0|('46192')|empty
1896684377507636910|807478130|60|6|1|('46534')|.000|6|0|0|0|('46534')|empty
1896684377507636910|807478130|61|14|6|('47838')|1.374|5|3|0|0|('46787')|empty
1896684377507636910|807478130|62|7|2|('48054')|.500|4|3|0|0|('48054')|empty
1896684377507636910|807478130|63|8|1|('48370')|.000|8|0|0|0|('48370')|empty
1896684377507636910|807478130|64|12|4|('48877')|1.224|4|4|0|0|('48579')|empty
1896684377507636910|807478130|65|5|1|('49003')|.000|5|0|0|0|('49003')|empty
1896684377507636910|807478130|66|7|1|('49101')|.000|7|0|0|0|('49101')|empty
1896684377507636910|807478130|67|17|6|('49532')|1.213|5|3|0|0|('49431')|empty
1896684377507636910|807478130|68|14|4|('50162')|.866|4|4|0|0|('49584')|empty
1896684377507636910|807478130|69|10|3|('51904')|1.699|5|4|0|0|('51387')|empty
1896684377507636910|807478130|70|6|1|('51933')|.000|6|0|0|0|('51933')|empty
1896684377507636910|807478130|71|15|6|('54098')|1.118|4|3|0|0|('52477')|empty
1896684377507636910|807478130|72|16|6|('55752')|.942|4|3|0|0|('55709')|empty
1896684377507636910|807478130|73|15|6|('56871')|1.258|4|4|0|0|('56098')|empty
1896684377507636910|807478130|74|5|1|('57752')|.000|5|0|0|0|('57752')|empty
1896684377507636910|807478130|75|8|1|('57838')|.000|8|0|0|0|('57838')|empty
1896684377507636910|807478130|76|11|3|('58370')|1.247|5|4|0|0|('58048')|empty
1896684377507636910|807478130|77|6|1|('58482')|.000|6|0|0|0|('58482')|empty
1896684377507636910|807478130|78|16|7|('59101')|1.385|5|3|0|0|('58877')|empty
1896684377507636910|807478130|79|7|3|('59431')|.942|3|3|0|0|('59231')|empty
1896684377507636910|807478130|80|8|1|('59532')|.000|8|0|0|0|('59532')|empty
1896684377507636910|807478130|81|7|1|('59584')|.000|7|0|0|0|('59584')|empty
1896684377507636910|807478130|82|17|7|('62477')|.903|4|3|0|0|('60411')|empty
1896684377507636910|807478130|83|17|7|('66871')|1.178|5|3|0|0|('66060')|empty
1896684377507636910|807478130|84|17|10|('69101')|.781|3|3|0|0|('68482')|empty
1896684377507636910|807478130|85|17|10|('73003')|.781|3|3|0|0|('71387')|empty
1896684377507636910|807478130|86|17|6|('74136')|1.462|5|4|0|0|('74136')|empty
1896684377507636910|807478130|87|16|5|('75752')|.748|4|4|0|0|('75281')|empty
1896684377507636910|807478130|88|8|1|('75804')|.000|8|0|0|0|('75804')|empty
1896684377507636910|807478130|89|16|7|('77838')|1.160|4|3|0|0|('76614')|empty
1896684377507636910|807478130|90|2|1|('78048')|.000|2|0|0|0|('78048')|empty
1896684377507636910|807478130|91|6|1|('78054')|.000|6|0|0|0|('78054')|empty
1896684377507636910|807478130|92|18|10|('79231')|.979|4|3|0|0|('79003')|empty
1896684377507636910|807478130|93|17|6|('80059')|1.067|4|4|0|0|('79275')|empty
1896684377507636910|807478130|94|19|10|('85281')|.943|3|3|0|0|('80411')|empty
1896684377507636910|807478130|95|19|13|('88370')|.634|3|2|0|0|('88048')|empty
1896684377507636910|807478130|96|1|1|('88482')|.000|1|0|0|0|('88482')|empty
1896684377507636910|807478130|97|6|1|('88579')|.000|6|0|0|0|('88579')|empty
1896684377507636910|807478130|98|9|5|('89231')|.748|3|2|0|0|('89003')|empty
1896684377507636910|807478130|99|6|1|('89275')|.000|6|0|0|0|('89275')|empty
1896684377507636910|807478130|100|26|13|('93951')|.960|4|3|0|0|('89454')|empty
1896684377507636910|807478130|101|21|12|('98605')|.595|3|2|0|0|('98605')|empty
1896684377507636910|807478130|102|6|1|('99003')|.000|6|0|0|0|('99003')|empty
1896684377507636910|807478130|103|2|2|('99454')|.000|1|1|0|0|('99101')|empty
1896684377507636910|807478134|0|0|0|('')|.000|0|0|0|0|()|empty
1896684377507636910|807478134|1|5|1|('')|.000|5|0|0|0|('')|empty
1896684377507636910|807478134|2|76|1|('AL')|.000|76|0|0|0|('AL')|empty
1896684377507636910|807478134|3|30|1|('CO')|.000|30|0|0|0|('CO')|empty
1896684377507636910|807478134|4|36|1|('FL')|.000|36|0|0|0|('FL')|empty
1896684377507636910|807478134|5|73|1|('GA')|.000|73|0|0|0|('GA')|empty
1896684377507636910|807478134|6|34|1|('IN')|.000|34|0|0|0|('IN')|empty
1896684377507636910|807478134|7|73|1|('LA')|.000|73|0|0|0|('LA')|empty
1896684377507636910|807478134|8|97|1|('MI')|.000|97|0|0|0|('MI')|empty
1896684377507636910|807478134|9|84|1|('MN')|.000|84|0|0|0|('MN')|empty
1896684377507636910|807478134|10|32|1|('MO')|.000|32|0|0|0|('MO')|empty
1896684377507636910|807478134|11|38|1|('NC')|.000|38|0|0|0|('NC')|empty
1896684377507636910|807478134|12|32|1|('NE')|.000|32|0|0|0|('NE')|empty
1896684377507636910|807478134|13|44|1|('NM')|.000|44|0|0|0|('NM')|empty
1896684377507636910|807478134|14|31|1|('NY')|.000|31|0|0|0|('NY')|empty
1896684377507636910|807478134|15|39|1|('OH')|.000|39|0|0|0|('OH')|empty
1896684377507636910|807478134|16|42|1|('PA')|.000|42|0|0|0|('PA')|empty
1896684377507636910|807478134|17|43|1|('SC')|.000|43|0|0|0|('SC')|empty
1896684377507636910|807478134|18|51|1|('SD')|.000|51|0|0|0|('SD')|empty
1896684377507636910|807478134|19|41|1|('TN')|.000|41|0|0|0|('TN')|empty
1896684377507636910|807478134|20|35|1|('TX')|.000|35|0|0|0|('TX')|empty
1896684377507636910|807478134|21|38|1|('WA')|.000|38|0|0|0|('WA')|empty
1896684377507636910|807478134|22|28|1|('WV')|.000|28|0|0|0|('WV')|empty
1896684377507636910|807478140|0|0|0|('')|.000|0|0|0|0|()|empty
1896684377507636910|807478140|1|7|1|('')|.000|7|0|0|0|('')|empty
1896684377507636910|807478140|2|38|1|('Barrow County')|.000|38|0|0|0|('Barrow County')|empty
1896684377507636910|807478140|3|31|1|('Bronx County')|.000|31|0|0|0|('Bronx County')|empty
1896684377507636910|807478140|4|41|1|('Dauphin County')|.000|41|0|0|0|('Dauphin County')|empty
1896684377507636910|807478140|5|32|1|('Daviess County')|.000|32|0|0|0|('Daviess County')|empty
1896684377507636910|807478140|6|43|1|('Fairfield County')|.000|43|0|0|0|('Fairfield County')|empty
1896684377507636910|807478140|7|44|1|('Franklin Parish')|.000|44|0|0|0|('Franklin Parish')|empty
1896684377507636910|807478140|8|32|1|('Gage County')|.000|32|0|0|0|('Gage County')|empty
1896684377507636910|807478140|9|35|1|('Gogebic County')|.000|35|0|0|0|('Gogebic County')|empty
1896684377507636910|807478140|10|32|1|('Huron County')|.000|32|0|0|0|('Huron County')|empty
1896684377507636910|807478140|11|38|1|('Jackson County')|.000|38|0|0|0|('Jackson County')|empty
1896684377507636910|807478140|12|29|1|('Jefferson Davis Parish')|.000|29|0|0|0|('Jefferson Davis Parish')|empty
1896684377507636910|807478140|13|38|1|('Kittitas County')|.000|38|0|0|0|('Kittitas County')|empty
1896684377507636910|807478140|14|35|1|('Levy County')|.000|35|0|0|0|('Levy County')|empty
1896684377507636910|807478140|15|30|1|('Luce County')|.000|30|0|0|0|('Luce County')|empty
1896684377507636910|807478140|16|34|1|('Marshall County')|.000|34|0|0|0|('Marshall County')|empty
1896684377507636910|807478140|17|35|1|('Maverick County')|.000|35|0|0|0|('Maverick County')|empty
1896684377507636910|807478140|18|30|1|('Mesa County')|.000|30|0|0|0|('Mesa County')|empty
1896684377507636910|807478140|19|37|1|('Mobile County')|.000|37|0|0|0|('Mobile County')|empty
1896684377507636910|807478140|20|37|1|('Oglethorpe County')|.000|37|0|0|0|('Oglethorpe County')|empty
1896684377507636910|807478140|21|47|1|('Pennington County')|.000|47|0|0|0|('Pennington County')|empty
1896684377507636910|807478140|22|27|1|('Raleigh County')|.000|27|0|0|0|('Raleigh County')|empty
1896684377507636910|807478140|23|39|1|('Richland County')|.000|39|0|0|0|('Richland County')|empty
1896684377507636910|807478140|24|44|1|('San Miguel County')|.000|44|0|0|0|('San Miguel County')|empty
1896684377507636910|807478140|25|36|1|('Wadena County')|.000|36|0|0|0|('Wadena County')|empty
1896684377507636910|807478140|26|39|1|('Walker County')|.000|39|0|0|0|('Walker County')|empty
1896684377507636910|807478140|27|42|1|('Williamson County')|.000|42|0|0|0|('Williamson County')|empty
1896684377507636910|807478140|28|50|1|('Ziebach County')|.000|50|0|0|0|('Ziebach County')|empty
1896684377507636910|807478145|0|0|0|('')|.000|0|0|0|0|()|empty
1896684377507636910|807478145|1|6|1|('')|.000|6|0|0|0|('')|empty
1896684377507636910|807478145|2|12|1|('Antioch')|.000|12|0|0|0|('Antioch')|empty
1896684377507636910|807478145|3|25|1|('Bethel')|.000|25|0|0|0|('Bethel')|empty
1896684377507636910|807478145|4|28|1|('Buena Vista')|.000|28|0|0|0|('Buena Vista')|empty
1896684377507636910|807478145|5|20|1|('Cedar Grove')|.000|20|0|0|0|('Cedar Grove')|empty
1896684377507636910|807478145|6|16|1|('Centerville')|.000|16|0|0|0|('Centerville')|empty
1896684377507636910|807478145|7|14|1|('Concord')|.000|14|0|0|0|('Concord')|empty
1896684377507636910|807478145|8|26|1|('Fairfield')|.000|26|0|0|0|('Fairfield')|empty
1896684377507636910|807478145|9|23|1|('Fairview')|.000|23|0|0|0|('Fairview')|empty
1896684377507636910|807478145|10|22|1|('Five Points')|.000|22|0|0|0|('Five Points')|empty
1896684377507636910|807478145|11|17|1|('Franklin')|.000|17|0|0|0|('Franklin')|empty
1896684377507636910|807478145|12|23|1|('Friendship')|.000|23|0|0|0|('Friendship')|empty
1896684377507636910|807478145|13|18|1|('Georgetown')|.000|18|0|0|0|('Georgetown')|empty
1896684377507636910|807478145|14|17|1|('Glendale')|.000|17|0|0|0|('Glendale')|empty
1896684377507636910|807478145|15|13|1|('Glenwood')|.000|13|0|0|0|('Glenwood')|empty
1896684377507636910|807478145|16|20|1|('Greenville')|.000|20|0|0|0|('Greenville')|empty
1896684377507636910|807478145|17|21|1|('Greenwood')|.000|21|0|0|0|('Greenwood')|empty
1896684377507636910|807478145|18|28|1|('Harmony')|.000|28|0|0|0|('Harmony')|empty
1896684377507636910|807478145|19|14|1|('Highland')|.000|14|0|0|0|('Highland')|empty
1896684377507636910|807478145|20|10|1|('Highland Park')|.000|10|0|0|0|('Highland Park')|empty
1896684377507636910|807478145|21|22|1|('Hillcrest')|.000|22|0|0|0|('Hillcrest')|empty
1896684377507636910|807478145|22|17|1|('Hopewell')|.000|17|0|0|0|('Hopewell')|empty
1896684377507636910|807478145|23|24|1|('Lakeside')|.000|24|0|0|0|('Lakeside')|empty
1896684377507636910|807478145|24|16|1|('Lakeview')|.000|16|0|0|0|('Lakeview')|empty
1896684377507636910|807478145|25|22|1|('Lakewood')|.000|22|0|0|0|('Lakewood')|empty
1896684377507636910|807478145|26|13|1|('Liberty')|.000|13|0|0|0|('Liberty')|empty
1896684377507636910|807478145|27|13|1|('Midway')|.000|13|0|0|0|('Midway')|empty
1896684377507636910|807478145|28|12|1|('Mount Olive')|.000|12|0|0|0|('Mount Olive')|empty
1896684377507636910|807478145|29|20|1|('Mount Pleasant')|.000|20|0|0|0|('Mount Pleasant')|empty
1896684377507636910|807478145|30|24|1|('Mount Vernon')|.000|24|0|0|0|('Mount Vernon')|empty
1896684377507636910|807478145|31|26|1|('Mount Zion')|.000|26|0|0|0|('Mount Zion')|empty
1896684377507636910|807478145|32|14|1|('New Hope')|.000|14|0|0|0|('New Hope')|empty
1896684377507636910|807478145|33|14|1|('Oak Grove')|.000|14|0|0|0|('Oak Grove')|empty
1896684377507636910|807478145|34|18|1|('Oak Hill')|.000|18|0|0|0|('Oak Hill')|empty
1896684377507636910|807478145|35|16|1|('Oakdale')|.000|16|0|0|0|('Oakdale')|empty
1896684377507636910|807478145|36|12|1|('Oakland')|.000|12|0|0|0|('Oakland')|empty
1896684377507636910|807478145|37|29|1|('Pine Grove')|.000|29|0|0|0|('Pine Grove')|empty
1896684377507636910|807478145|38|17|1|('Pleasant Grove')|.000|17|0|0|0|('Pleasant Grove')|empty
1896684377507636910|807478145|39|15|1|('Pleasant Hill')|.000|15|0|0|0|('Pleasant Hill')|empty
1896684377507636910|807478145|40|18|1|('Pleasant Valley')|.000|18|0|0|0|('Pleasant Valley')|empty
1896684377507636910|807478145|41|15|1|('Providence')|.000|15|0|0|0|('Providence')|empty
1896684377507636910|807478145|42|22|1|('Riverside')|.000|22|0|0|0|('Riverside')|empty
1896684377507636910|807478145|43|22|1|('Riverview')|.000|22|0|0|0|('Riverview')|empty
1896684377507636910|807478145|44|22|1|('Salem')|.000|22|0|0|0|('Salem')|empty
1896684377507636910|807478145|45|15|1|('Shady Grove')|.000|15|0|0|0|('Shady Grove')|empty
1896684377507636910|807478145|46|23|1|('Shiloh')|.000|23|0|0|0|('Shiloh')|empty
1896684377507636910|807478145|47|14|1|('Spring Hill')|.000|14|0|0|0|('Spring Hill')|empty
1896684377507636910|807478145|48|23|1|('Spring Valley')|.000|23|0|0|0|('Spring Valley')|empty
1896684377507636910|807478145|49|13|1|('Springfield')|.000|13|0|0|0|('Springfield')|empty
1896684377507636910|807478145|50|17|1|('Stringtown')|.000|17|0|0|0|('Stringtown')|empty
1896684377507636910|807478145|51|13|1|('Sunnyside')|.000|13|0|0|0|('Sunnyside')|empty
1896684377507636910|807478145|52|17|1|('Union')|.000|17|0|0|0|('Union')|empty
1896684377507636910|807478145|53|16|1|('Walnut Grove')|.000|16|0|0|0|('Walnut Grove')|empty
1896684377507636910|807478145|54|18|1|('Wildwood')|.000|18|0|0|0|('Wildwood')|empty
1896684377507636910|807478145|55|17|1|('Woodlawn')|.000|17|0|0|0|('Woodlawn')|empty
1896684377507636910|807478150|0|0|0|('')|.000|0|0|0|0|()|empty
1896684377507636910|807478150|1|7|2|('Suite 0')|.500|4|3|0|0|('Suite 0')|empty
1896684377507636910|807478150|2|8|1|('Suite 10')|.000|8|0|0|0|('Suite 10')|empty
1896684377507636910|807478150|3|11|1|('Suite 100')|.000|11|0|0|0|('Suite 100')|empty
1896684377507636910|807478150|4|11|1|('Suite 110')|.000|11|0|0|0|('Suite 110')|empty
1896684377507636910|807478150|5|12|1|('Suite 120')|.000|12|0|0|0|('Suite 120')|empty
1896684377507636910|807478150|6|5|1|('Suite 130')|.000|5|0|0|0|('Suite 130')|empty
1896684377507636910|807478150|7|8|1|('Suite 140')|.000|8|0|0|0|('Suite 140')|empty
1896684377507636910|807478150|8|8|1|('Suite 150')|.000|8|0|0|0|('Suite 150')|empty
1896684377507636910|807478150|9|16|1|('Suite 160')|.000|16|0|0|0|('Suite 160')|empty
1896684377507636910|807478150|10|6|1|('Suite 170')|.000|6|0|0|0|('Suite 170')|empty
1896684377507636910|807478150|11|11|1|('Suite 180')|.000|11|0|0|0|('Suite 180')|empty
1896684377507636910|807478150|12|8|1|('Suite 190')|.000|8|0|0|0|('Suite 190')|empty
1896684377507636910|807478150|13|13|1|('Suite 20')|.000|13|0|0|0|('Suite 20')|empty
1896684377507636910|807478150|14|10|1|('Suite 200')|.000|10|0|0|0|('Suite 200')|empty
1896684377507636910|807478150|15|9|1|('Suite 210')|.000|9|0|0|0|('Suite 210')|empty
1896684377507636910|807478150|16|5|1|('Suite 220')|.000|5|0|0|0|('Suite 220')|empty
1896684377507636910|807478150|17|7|1|('Suite 230')|.000|7|0|0|0|('Suite 230')|empty
1896684377507636910|807478150|18|13|1|('Suite 240')|.000|13|0|0|0|('Suite 240')|empty
1896684377507636910|807478150|19|10|1|('Suite 250')|.000|10|0|0|0|('Suite 250')|empty
1896684377507636910|807478150|20|17|1|('Suite 260')|.000|17|0|0|0|('Suite 260')|empty
1896684377507636910|807478150|21|14|1|('Suite 270')|.000|14|0|0|0|('Suite 270')|empty
1896684377507636910|807478150|22|13|1|('Suite 280')|.000|13|0|0|0|('Suite 280')|empty
1896684377507636910|807478150|23|13|1|('Suite 290')|.000|13|0|0|0|('Suite 290')|empty
1896684377507636910|807478150|24|13|1|('Suite 30')|.000|13|0|0|0|('Suite 30')|empty
1896684377507636910|807478150|25|8|1|('Suite 300')|.000|8|0|0|0|('Suite 300')|empty
1896684377507636910|807478150|26|10|1|('Suite 310')|.000|10|0|0|0|('Suite 310')|empty
1896684377507636910|807478150|27|5|1|('Suite 320')|.000|5|0|0|0|('Suite 320')|empty
1896684377507636910|807478150|28|8|1|('Suite 330')|.000|8|0|0|0|('Suite 330')|empty
1896684377507636910|807478150|29|13|1|('Suite 340')|.000|13|0|0|0|('Suite 340')|empty
1896684377507636910|807478150|30|10|1|('Suite 350')|.000|10|0|0|0|('Suite 350')|empty
1896684377507636910|807478150|31|6|1|('Suite 360')|.000|6|0|0|0|('Suite 360')|empty
1896684377507636910|807478150|32|11|1|('Suite 370')|.000|11|0|0|0|('Suite 370')|empty
1896684377507636910|807478150|33|10|1|('Suite 380')|.000|10|0|0|0|('Suite 380')|empty
1896684377507636910|807478150|34|11|1|('Suite 390')|.000|11|0|0|0|('Suite 390')|empty
1896684377507636910|807478150|35|9|1|('Suite 40')|.000|9|0|0|0|('Suite 40')|empty
1896684377507636910|807478150|36|8|1|('Suite 400')|.000|8|0|0|0|('Suite 400')|empty
1896684377507636910|807478150|37|8|1|('Suite 410')|.000|8|0|0|0|('Suite 410')|empty
1896684377507636910|807478150|38|12|1|('Suite 420')|.000|12|0|0|0|('Suite 420')|empty
1896684377507636910|807478150|39|9|1|('Suite 430')|.000|9|0|0|0|('Suite 430')|empty
1896684377507636910|807478150|40|14|1|('Suite 440')|.000|14|0|0|0|('Suite 440')|empty
1896684377507636910|807478150|41|5|1|('Suite 450')|.000|5|0|0|0|('Suite 450')|empty
1896684377507636910|807478150|42|10|1|('Suite 460')|.000|10|0|0|0|('Suite 460')|empty
1896684377507636910|807478150|43|7|1|('Suite 470')|.000|7|0|0|0|('Suite 470')|empty
1896684377507636910|807478150|44|7|1|('Suite 480')|.000|7|0|0|0|('Suite 480')|empty
1896684377507636910|807478150|45|9|1|('Suite 490')|.000|9|0|0|0|('Suite 490')|empty
1896684377507636910|807478150|46|14|1|('Suite 50')|.000|14|0|0|0|('Suite 50')|empty
1896684377507636910|807478150|47|6|1|('Suite 60')|.000|6|0|0|0|('Suite 60')|empty
1896684377507636910|807478150|48|8|1|('Suite 70')|.000|8|0|0|0|('Suite 70')|empty
1896684377507636910|807478150|49|12|1|('Suite 80')|.000|12|0|0|0|('Suite 80')|empty
1896684377507636910|807478150|50|14|1|('Suite 90')|.000|14|0|0|0|('Suite 90')|empty
1896684377507636910|807478150|51|17|1|('Suite A')|.000|17|0|0|0|('Suite A')|empty
1896684377507636910|807478150|52|19|1|('Suite B')|.000|19|0|0|0|('Suite B')|empty
1896684377507636910|807478150|53|20|1|('Suite C')|.000|20|0|0|0|('Suite C')|empty
1896684377507636910|807478150|54|21|1|('Suite D')|.000|21|0|0|0|('Suite D')|empty
1896684377507636910|807478150|55|18|1|('Suite E')|.000|18|0|0|0|('Suite E')|empty
1896684377507636910|807478150|56|23|1|('Suite F')|.000|23|0|0|0|('Suite F')|empty
1896684377507636910|807478150|57|22|1|('Suite G')|.000|22|0|0|0|('Suite G')|empty
1896684377507636910|807478150|58|23|1|('Suite H')|.000|23|0|0|0|('Suite H')|empty
1896684377507636910|807478150|59|17|1|('Suite I')|.000|17|0|0|0|('Suite I')|empty
1896684377507636910|807478150|60|22|1|('Suite J')|.000|22|0|0|0|('Suite J')|empty
1896684377507636910|807478150|61|22|1|('Suite K')|.000|22|0|0|0|('Suite K')|empty
1896684377507636910|807478150|62|15|1|('Suite L')|.000|15|0|0|0|('Suite L')|empty
1896684377507636910|807478150|63|16|1|('Suite M')|.000|16|0|0|0|('Suite M')|empty
1896684377507636910|807478150|64|16|1|('Suite N')|.000|16|0|0|0|('Suite N')|empty
1896684377507636910|807478150|65|22|1|('Suite O')|.000|22|0|0|0|('Suite O')|empty
1896684377507636910|807478150|66|25|1|('Suite P')|.000|25|0|0|0|('Suite P')|empty
1896684377507636910|807478150|67|20|1|('Suite Q')|.000|20|0|0|0|('Suite Q')|empty
1896684377507636910|807478150|68|25|1|('Suite R')|.000|25|0|0|0|('Suite R')|empty
1896684377507636910|807478150|69|28|1|('Suite S')|.000|28|0|0|0|('Suite S')|empty
1896684377507636910|807478150|70|26|1|('Suite T')|.000|26|0|0|0|('Suite T')|empty
1896684377507636910|807478150|71|13|1|('Suite U')|.000|13|0|0|0|('Suite U')|empty
1896684377507636910|807478150|72|26|1|('Suite V')|.000|26|0|0|0|('Suite V')|empty
1896684377507636910|807478150|73|22|1|('Suite W')|.000|22|0|0|0|('Suite W')|empty
1896684377507636910|807478150|74|17|1|('Suite X')|.000|17|0|0|0|('Suite X')|empty
1896684377507636910|807478150|75|15|1|('Suite Y')|.000|15|0|0|0|('Suite Y')|empty
1896684377507636910|807478155|0|0|0|('')|.000|0|0|0|0|()|empty
1896684377507636910|807478155|1|8|1|('')|.000|8|0|0|0|('')|empty
1896684377507636910|807478155|2|57|1|('Ave')|.000|57|0|0|0|('Ave')|empty
1896684377507636910|807478155|3|50|1|('Avenue')|.000|50|0|0|0|('Avenue')|empty
1896684377507636910|807478155|4|57|1|('Blvd')|.000|57|0|0|0|('Blvd')|empty
1896684377507636910|807478155|5|44|1|('Boulevard')|.000|44|0|0|0|('Boulevard')|empty
1896684377507636910|807478155|6|61|1|('Cir.')|.000|61|0|0|0|('Cir.')|empty
1896684377507636910|807478155|7|49|1|('Circle')|.000|49|0|0|0|('Circle')|empty
1896684377507636910|807478155|8|55|1|('Court')|.000|55|0|0|0|('Court')|empty
1896684377507636910|807478155|9|50|1|('Ct.')|.000|50|0|0|0|('Ct.')|empty
1896684377507636910|807478155|10|51|1|('Dr.')|.000|51|0|0|0|('Dr.')|empty
1896684377507636910|807478155|11|54|1|('Drive')|.000|54|0|0|0|('Drive')|empty
1896684377507636910|807478155|12|60|1|('Lane')|.000|60|0|0|0|('Lane')|empty
1896684377507636910|807478155|13|32|1|('Ln')|.000|32|0|0|0|('Ln')|empty
1896684377507636910|807478155|14|47|1|('Parkway')|.000|47|0|0|0|('Parkway')|empty
1896684377507636910|807478155|15|47|1|('Pkwy')|.000|47|0|0|0|('Pkwy')|empty
1896684377507636910|807478155|16|48|1|('RD')|.000|48|0|0|0|('RD')|empty
1896684377507636910|807478155|17|47|1|('Road')|.000|47|0|0|0|('Road')|empty
1896684377507636910|807478155|18|52|1|('ST')|.000|52|0|0|0|('ST')|empty
1896684377507636910|807478155|19|48|1|('Street')|.000|48|0|0|0|('Street')|empty
1896684377507636910|807478155|20|41|1|('Way')|.000|41|0|0|0|('Way')|empty
1896684377507636910|807478155|21|44|1|('Wy')|.000|44|0|0|0|('Wy')|empty
1896684377507636910|807478160|0|0|0|('')|.000|0|0|0|0|()|empty
1896684377507636910|807478160|1|8|1|('')|.000|8|0|0|0|('')|empty
1896684377507636910|807478160|2|10|8|('10th Washington')|.433|2|2|0|0|('10th')|empty
1896684377507636910|807478160|3|6|1|('11th')|.000|6|0|0|0|('11th')|empty
1896684377507636910|807478160|4|4|4|('11th Sunset')|.000|1|1|0|0|('11th Cherry')|empty
1896684377507636910|807478160|5|6|1|('12th')|.000|6|0|0|0|('12th')|empty
1896684377507636910|807478160|6|15|12|('13th Woodland')|.829|4|1|0|0|('13th')|empty
1896684377507636910|807478160|7|4|3|('14th Poplar')|.471|2|1|0|0|('14th')|empty
1896684377507636910|807478160|8|6|1|('15th')|.000|6|0|0|0|('15th')|empty
1896684377507636910|807478160|9|5|5|('15th View')|.000|1|1|0|0|('15th 5th')|empty
1896684377507636910|807478160|10|7|1|('1st')|.000|7|0|0|0|('1st')|empty
1896684377507636910|807478160|11|16|13|('2nd')|.575|3|2|0|0|('2nd')|empty
1896684377507636910|807478160|12|15|15|('2nd Sycamore')|.000|1|1|0|0|('2nd 12th')|empty
1896684377507636910|807478160|13|8|1|('3rd')|.000|8|0|0|0|('3rd')|empty
1896684377507636910|807478160|14|8|8|('3rd Williams')|.000|1|1|0|0|('3rd 15th')|empty
1896684377507636910|807478160|15|8|1|('4th')|.000|8|0|0|0|('4th')|empty
1896684377507636910|807478160|16|11|11|('4th West')|.000|1|1|0|0|('4th 15th')|empty
1896684377507636910|807478160|17|9|1|('5th')|.000|9|0|0|0|('5th')|empty
1896684377507636910|807478160|18|10|9|('5th Washington')|.314|2|1|0|0|('5th Adams')|empty
1896684377507636910|807478160|19|10|1|('6th')|.000|10|0|0|0|('6th')|empty
1896684377507636910|807478160|20|6|6|('6th Wilson')|.000|1|1|0|0|('6th 6th')|empty
1896684377507636910|807478160|21|6|1|('7th')|.000|6|0|0|0|('7th')|empty
1896684377507636910|807478160|22|10|10|('7th Wilson')|.000|1|1|0|0|('7th 11th')|empty
1896684377507636910|807478160|23|6|1|('8th')|.000|6|0|0|0|('8th')|empty
1896684377507636910|807478160|24|5|4|('8th Washington')|.433|2|1|0|0|('8th 6th')|empty
1896684377507636910|807478160|25|12|1|('9th')|.000|12|0|0|0|('9th')|empty
1896684377507636910|807478160|26|13|8|('Adams North')|1.316|5|2|0|0|('Adams')|empty
1896684377507636910|807478160|27|15|10|('Birch Willow')|1.024|4|3|0|0|('Ash')|empty
1896684377507636910|807478160|28|6|2|('Broadway Wilson')|2.000|5|1|0|0|('Broadway')|empty
1896684377507636910|807478160|29|8|1|('Cedar')|.000|8|0|0|0|('Cedar')|empty
1896684377507636910|807478160|30|9|9|('Cedar Willow')|.000|1|1|0|0|('Cedar 6th')|empty
1896684377507636910|807478160|31|7|1|('Center')|.000|7|0|0|0|('Center')|empty
1896684377507636910|807478160|32|11|9|('Central Valley')|.415|2|2|0|0|('Center Maple')|empty
1896684377507636910|807478160|33|15|1|('Cherry')|.000|15|0|0|0|('Cherry')|empty
1896684377507636910|807478160|34|6|1|('Chestnut')|.000|6|0|0|0|('Chestnut')|empty
1896684377507636910|807478160|35|6|6|('Chestnut North')|.000|1|1|0|0|('Chestnut 5th')|empty
1896684377507636910|807478160|36|11|1|('Church')|.000|11|0|0|0|('Church')|empty
1896684377507636910|807478160|37|14|10|('College Railroad')|.916|4|2|0|0|('College')|empty
1896684377507636910|807478160|38|15|10|('Dogwood Cedar')|1.204|5|2|0|0|('Davis')|empty
1896684377507636910|807478160|39|14|9|('Eigth Wilson')|1.257|5|2|0|0|('East')|empty
1896684377507636910|807478160|40|3|2|('Elevnth 7th')|.500|2|1|0|0|('Elevnth')|empty
1896684377507636910|807478160|41|9|1|('Elm')|.000|9|0|0|0|('Elm')|empty
1896684377507636910|807478160|42|11|9|('Fifth South')|.628|3|1|0|0|('Fifth')|empty
1896684377507636910|807478160|43|9|1|('First')|.000|9|0|0|0|('First')|empty
1896684377507636910|807478160|44|15|10|('Fourteenth')|1.204|5|2|0|0|('Forest')|empty
1896684377507636910|807478160|45|16|9|('Franklin Hill')|1.314|5|3|0|0|('Franklin')|empty
1896684377507636910|807478160|46|16|11|('Hickory Sycamore')|.987|4|3|0|0|('Green')|empty
1896684377507636910|807478160|47|11|7|('Highland Park')|1.399|5|1|0|0|('Highland')|empty
1896684377507636910|807478160|48|8|1|('Hill')|.000|8|0|0|0|('Hill')|empty
1896684377507636910|807478160|49|13|11|('Hillcrest Walnut')|.574|3|1|0|0|('Hillcrest')|empty
1896684377507636910|807478160|50|9|1|('Jackson')|.000|9|0|0|0|('Jackson')|empty
1896684377507636910|807478160|51|7|5|('Jackson Walnut')|.489|2|2|0|0|('Jackson Hill')|empty
1896684377507636910|807478160|52|7|1|('Jefferson')|.000|7|0|0|0|('Jefferson')|empty
1896684377507636910|807478160|53|5|5|('Jefferson Second')|.000|1|1|0|0|('Jefferson Cedar')|empty
1896684377507636910|807478160|54|6|1|('Johnson')|.000|6|0|0|0|('Johnson')|empty
1896684377507636910|807478160|55|5|4|('Johnson Wilson')|.433|2|1|0|0|('Johnson 5th')|empty
1896684377507636910|807478160|56|9|1|('Lake')|.000|9|0|0|0|('Lake')|empty
1896684377507636910|807478160|57|16|13|('Laurel 15th')|.575|3|2|0|0|('Laurel')|empty
1896684377507636910|807478160|58|13|8|('Lee Maple')|1.316|5|2|0|0|('Lee')|empty
1896684377507636910|807478160|59|16|11|('Locust Spring')|.987|4|3|0|0|('Lincoln')|empty
1896684377507636910|807478160|60|4|2|('Madison')|1.000|3|1|0|0|('Madison')|empty
1896684377507636910|807478160|61|14|1|('Main')|.000|14|0|0|0|('Main')|empty
1896684377507636910|807478160|62|6|6|('Main Wilson')|.000|1|1|0|0|('Main Cedar')|empty
1896684377507636910|807478160|63|9|1|('Maple')|.000|9|0|0|0|('Maple')|empty
1896684377507636910|807478160|64|11|11|('Meadow Sunset')|.000|1|1|0|0|('Maple Chestnut')|empty
1896684377507636910|807478160|65|8|1|('Mill')|.000|8|0|0|0|('Mill')|empty
1896684377507636910|807478160|66|16|14|('Ninth Church')|.349|2|2|0|0|('Miller')|empty
1896684377507636910|807478160|67|3|3|('Ninth Third')|.000|1|1|0|0|('Ninth Franklin')|empty
1896684377507636910|807478160|68|8|1|('North')|.000|8|0|0|0|('North')|empty
1896684377507636910|807478160|69|10|10|('North Willow')|.000|1|1|0|0|('North 2nd')|empty
1896684377507636910|807478160|70|13|1|('Oak')|.000|13|0|0|0|('Oak')|empty
1896684377507636910|807478160|71|7|6|('Oak Washington')|.372|2|1|0|0|('Oak Washington')|empty
1896684377507636910|807478160|72|16|2|('Park 11th')|7.000|15|1|0|0|('Park')|empty
1896684377507636910|807478160|73|16|12|('Park South')|.623|3|2|0|0|('Park 4th')|empty
1896684377507636910|807478160|74|1|1|('Park Walnut')|.000|1|0|0|0|('Park Walnut')|empty
1896684377507636910|807478160|75|13|1|('Pine')|.000|13|0|0|0|('Pine')|empty
1896684377507636910|807478160|76|16|13|('Poplar Wilson')|.575|3|2|0|0|('Poplar')|empty
1896684377507636910|807478160|77|9|1|('Railroad')|.000|9|0|0|0|('Railroad')|empty
1896684377507636910|807478160|78|7|6|('Railroad Spring')|.372|2|1|0|0|('Railroad 3rd')|empty
1896684377507636910|807478160|79|6|1|('Ridge')|.000|6|0|0|0|('Ridge')|empty
1896684377507636910|807478160|80|9|7|('Ridge West')|.451|2|2|0|0|('Ridge Green')|empty
1896684377507636910|807478160|81|7|1|('River')|.000|7|0|0|0|('River')|empty
1896684377507636910|807478160|82|16|12|('Second Lake')|1.105|5|1|0|0|('Second')|empty
1896684377507636910|807478160|83|16|11|('Smith Cedar')|.987|4|3|0|0|('Sixth')|empty
1896684377507636910|807478160|84|4|4|('Smith Willow')|.000|1|1|0|0|('Smith Meadow')|empty
1896684377507636910|807478160|85|8|1|('South')|.000|8|0|0|0|('South')|empty
1896684377507636910|807478160|86|7|6|('South Walnut')|.372|2|1|0|0|('South Second')|empty
1896684377507636910|807478160|87|7|1|('Spring')|.000|7|0|0|0|('Spring')|empty
1896684377507636910|807478160|88|17|13|('Spruce Second')|1.065|5|1|0|0|('Spruce')|empty
1896684377507636910|807478160|89|16|12|('Sycamore South')|.849|4|2|0|0|('Sycamore')|empty
1896684377507636910|807478160|90|17|12|('Twelfth')|.640|3|2|0|0|('Third')|empty
1896684377507636910|807478160|91|8|1|('Valley')|.000|8|0|0|0|('Valley')|empty
1896684377507636910|807478160|92|4|4|('Valley Valley')|.000|1|1|0|0|('Valley 14th')|empty
1896684377507636910|807478160|93|12|1|('View')|.000|12|0|0|0|('View')|empty
1896684377507636910|807478160|94|9|8|('View Third')|.330|2|1|0|0|('View 3rd')|empty
1896684377507636910|807478160|95|8|1|('Walnut')|.000|8|0|0|0|('Walnut')|empty
1896684377507636910|807478160|96|9|9|('Walnut Walnut')|.000|1|1|0|0|('Walnut 10th')|empty
1896684377507636910|807478160|97|14|1|('Washington')|.000|14|0|0|0|('Washington')|empty
1896684377507636910|807478160|98|14|10|('West Adams')|1.200|5|1|0|0|('West')|empty
1896684377507636910|807478160|99|6|5|('West River')|.400|2|1|0|0|('West Elm')|empty
1896684377507636910|807478160|100|7|1|('Williams')|.000|7|0|0|0|('Williams')|empty
1896684377507636910|807478160|101|6|6|('Williams South')|.000|1|1|0|0|('Williams 2nd')|empty
1896684377507636910|807478160|102|6|1|('Willow')|.000|6|0|0|0|('Willow')|empty
1896684377507636910|807478160|103|17|16|('Woodland Oak')|.242|2|1|0|0|('Wilson')|empty
1896684377507636910|807478165|0|0|0|('')|.000|0|0|0|0|()|empty
1896684377507636910|807478165|1|10|1|('')|.000|10|0|0|0|('')|empty
1896684377507636910|807478165|2|16|10|('113')|.663|3|2|0|0|('103')|empty
1896684377507636910|807478165|3|16|9|('13')|.785|3|3|0|0|('126')|empty
1896684377507636910|807478165|4|16|10|('145')|.916|4|2|0|0|('134')|empty
1896684377507636910|807478165|5|5|2|('147')|.500|3|2|0|0|('146')|empty
1896684377507636910|807478165|6|6|1|('148')|.000|6|0|0|0|('148')|empty
1896684377507636910|807478165|7|15|8|('161')|1.053|4|3|0|0|('153')|empty
1896684377507636910|807478165|8|14|7|('173')|.755|3|3|0|0|('167')|empty
1896684377507636910|807478165|9|14|5|('180')|1.166|5|3|0|0|('18')|empty
1896684377507636910|807478165|10|15|10|('197')|.806|3|3|0|0|('184')|empty
1896684377507636910|807478165|11|15|8|('214')|1.053|4|3|0|0|('200')|empty
1896684377507636910|807478165|12|13|8|('226')|.992|4|2|0|0|('226')|empty
1896684377507636910|807478165|13|6|1|('227')|.000|6|0|0|0|('227')|empty
1896684377507636910|807478165|14|13|8|('238')|.695|3|2|0|0|('230')|empty
1896684377507636910|807478165|15|16|9|('253')|.916|4|2|0|0|('240')|empty
1896684377507636910|807478165|16|16|8|('27')|.866|3|3|0|0|('257')|empty
1896684377507636910|807478165|17|14|9|('29')|.684|3|2|0|0|('278')|empty
1896684377507636910|807478165|18|15|7|('301')|.989|4|3|0|0|('290')|empty
1896684377507636910|807478165|19|16|7|('314')|1.277|4|4|0|0|('302')|empty
1896684377507636910|807478165|20|2|1|('316')|.000|2|0|0|0|('316')|empty
1896684377507636910|807478165|21|6|1|('317')|.000|6|0|0|0|('317')|empty
1896684377507636910|807478165|22|16|8|('334')|.707|3|3|0|0|('327')|empty
1896684377507636910|807478165|23|16|8|('347')|1.414|5|3|0|0|('347')|empty
1896684377507636910|807478165|24|16|11|('367')|.497|2|2|0|0|('354')|empty
1896684377507636910|807478165|25|15|7|('382')|1.124|4|3|0|0|('378')|empty
1896684377507636910|807478165|26|14|8|('391')|.829|3|3|0|0|('383')|empty
1896684377507636910|807478165|27|16|6|('400')|1.490|5|4|0|0|('394')|empty
1896684377507636910|807478165|28|16|6|('415')|1.374|5|3|0|0|('408')|empty
1896684377507636910|807478165|29|11|4|('425')|1.479|5|3|0|0|('417')|empty
1896684377507636910|807478165|30|6|1|('427')|.000|6|0|0|0|('427')|empty
1896684377507636910|807478165|31|16|9|('447')|1.474|5|4|0|0|('433')|empty
1896684377507636910|807478165|32|15|8|('476')|1.053|4|3|0|0|('448')|empty
1896684377507636910|807478165|33|6|4|('481')|.866|3|1|0|0|('479')|empty
1896684377507636910|807478165|34|6|1|('482')|.000|6|0|0|0|('482')|empty
1896684377507636910|807478165|35|15|8|('494')|1.053|4|3|0|0|('489')|empty
1896684377507636910|807478165|36|16|9|('508')|.916|4|2|0|0|('495')|empty
1896684377507636910|807478165|37|7|5|('520')|.489|2|2|0|0|('515')|empty
1896684377507636910|807478165|38|6|1|('521')|.000|6|0|0|0|('521')|empty
1896684377507636910|807478165|39|15|9|('536')|1.247|5|2|0|0|('535')|empty
1896684377507636910|807478165|40|16|6|('545')|1.490|5|4|0|0|('545')|empty
1896684377507636910|807478165|41|17|10|('56')|.781|3|3|0|0|('556')|empty
1896684377507636910|807478165|42|14|10|('576')|.489|2|2|0|0|('561')|empty
1896684377507636910|807478165|43|14|5|('589')|1.600|5|4|0|0|('588')|empty
1896684377507636910|807478165|44|17|10|('602')|1.004|4|3|0|0|('59')|empty
1896684377507636910|807478165|45|17|13|('62')|.605|3|2|0|0|('605')|empty
1896684377507636910|807478165|46|16|11|('636')|.497|2|2|0|0|('626')|empty
1896684377507636910|807478165|47|16|13|('664')|.421|2|2|0|0|('638')|empty
1896684377507636910|807478165|48|5|1|('667')|.000|5|0|0|0|('667')|empty
1896684377507636910|807478165|49|7|1|('669')|.000|7|0|0|0|('669')|empty
1896684377507636910|807478165|50|17|8|('685')|1.268|4|4|0|0|('670')|empty
1896684377507636910|807478165|51|17|10|('699')|.900|4|2|0|0|('688')|empty
1896684377507636910|807478165|52|16|7|('709')|.699|3|3|0|0|('7')|empty
1896684377507636910|807478165|53|18|8|('717')|.968|4|3|0|0|('71')|empty
1896684377507636910|807478165|54|16|8|('728')|.866|3|3|0|0|('724')|empty
1896684377507636910|807478165|55|18|9|('743')|1.054|4|3|0|0|('743')|empty
1896684377507636910|807478165|56|18|9|('756')|.942|3|3|0|0|('748')|empty
1896684377507636910|807478165|57|18|9|('771')|1.154|5|2|0|0|('771')|empty
1896684377507636910|807478165|58|17|12|('796')|.759|3|3|0|0|('779')|empty
1896684377507636910|807478165|59|18|10|('809')|.748|3|3|0|0|('797')|empty
1896684377507636910|807478165|60|17|10|('828')|1.187|5|2|0|0|('818')|empty
1896684377507636910|807478165|61|18|9|('844')|.942|4|3|0|0|('836')|empty
1896684377507636910|807478165|62|18|10|('861')|.871|3|3|0|0|('847')|empty
1896684377507636910|807478165|63|18|11|('881')|.771|3|3|0|0|('872')|empty
1896684377507636910|807478165|64|18|9|('90')|1.054|4|3|0|0|('9')|empty
1896684377507636910|807478165|65|19|12|('919')|.759|3|3|0|0|('903')|empty
1896684377507636910|807478165|66|19|9|('937')|1.448|5|4|0|0|('924')|empty
1896684377507636910|807478165|67|16|8|('949')|.866|3|3|0|0|('938')|empty
1896684377507636910|807478165|68|20|8|('960')|1.118|4|4|0|0|('950')|empty
1896684377507636910|807478165|69|20|10|('971')|.894|4|3|0|0|('971')|empty
1896684377507636910|807478165|70|20|11|('999')|1.336|5|4|0|0|('984')|empty
1896684377507636910|807478171|0|0|0|('')|.000|0|0|0|0|()|empty
1896684377507636910|807478171|1|7|1|('')|.000|7|0|0|0|('')|empty
1896684377507636910|807478171|2|995|1|('Unknown')|.000|995|0|0|0|('Unknown')|empty
1896684377507636910|807478175|0|0|0|(1)|.000|0|0|0|0|()|empty
1896684377507636910|807478175|1|995|1|(1)|.000|995|0|0|0|(1)|empty
1896684377507636910|807478175|2|7|1|(NULL)|.000|0|0|0|0|()|empty
1896684377507636910|807478180|0|0|0|('')|.000|0|0|0|0|()|empty
1896684377507636910|807478180|1|7|1|('')|.000|7|0|0|0|('')|empty
1896684377507636910|807478180|2|995|1|('Unknown')|.000|995|0|0|0|('Unknown')|empty
1896684377507636910|807478185|0|0|0|(1)|.000|0|0|0|0|()|empty
1896684377507636910|807478185|1|996|1|(1)|.000|996|0|0|0|(1)|empty
1896684377507636910|807478185|2|6|1|(NULL)|.000|0|0|0|0|()|empty
1896684377507636910|807478190|0|0|0|('')|.000|0|0|0|0|()|empty
1896684377507636910|807478190|1|11|1|('')|.000|11|0|0|0|('')|empty
1896684377507636910|807478190|2|15|12|('Alberto Cochran')|.433|2|2|0|0|('Aaron Fitzgerald')|empty
1896684377507636910|807478190|3|15|14|('Andrew Hardin')|.257|2|1|0|0|('Alfredo Mitchell')|empty
1896684377507636910|807478190|4|16|11|('Anthony Sheldon')|.655|3|2|0|0|('Andrew Howard')|empty
1896684377507636910|807478190|5|16|14|('Benny Floyd')|.349|2|2|0|0|('Barry Ford')|empty
1896684377507636910|807478190|6|16|10|('Brandon Kessler')|.799|3|3|0|0|('Brad Sargent')|empty
1896684377507636910|807478190|7|16|12|('Bryan Ramirez')|.623|3|2|0|0|('Bryan Ramirez')|empty
1896684377507636910|807478190|8|16|9|('Chance Taylor')|.628|3|2|0|0|('Carlos Anderson')|empty
1896684377507636910|807478190|9|16|12|('Charles Mccormick')|.623|3|2|0|0|('Charles Hamilton')|empty
1896684377507636910|807478190|10|15|10|('Christian Cardenas')|.670|3|2|0|0|('Chris Rollins')|empty
1896684377507636910|807478190|11|16|11|('Clay Dean')|.655|3|2|0|0|('Christopher Anderson')|empty
1896684377507636910|807478190|12|16|10|('Curtis Moya')|.799|3|3|0|0|('Clifford Link')|empty
1896684377507636910|807478190|13|16|13|('David Hutchinson')|.575|3|2|0|0|('Dario Hatfield')|empty
1896684377507636910|807478190|14|16|12|('David Smith')|.623|3|2|0|0|('David Smith')|empty
1896684377507636910|807478190|15|16|12|('Dominique Nance')|.471|2|2|0|0|('Dean Morrison')|empty
1896684377507636910|807478190|16|16|12|('Donald Simon')|.623|3|2|0|0|('Donald Kilgore')|empty
1896684377507636910|807478190|17|16|10|('Duane Morales')|.799|3|3|0|0|('Donald Woods')|empty
1896684377507636910|807478190|18|16|16|('Ellis Skelton')|.000|1|1|0|0|('Dustin Kelly')|empty
1896684377507636910|807478190|19|16|13|('Fernando Rogers')|.421|2|2|0|0|('Elmer Wallace')|empty
1896684377507636910|807478190|20|16|12|('Freddie Giles')|.623|3|2|0|0|('Franklin Langford')|empty
1896684377507636910|807478190|21|16|10|('Gene Boettcher')|.663|3|2|0|0|('Gaston Layton')|empty
1896684377507636910|807478190|22|16|10|('Gerard Jenkins')|.663|3|2|0|0|('Gerald Hodges')|empty
1896684377507636910|807478190|23|14|12|('Guillermo Williams')|.372|2|2|0|0|('Gerardo Bush')|empty
1896684377507636910|807478190|24|15|12|('Henry Bartlett')|.595|3|2|0|0|('Harold Daniels')|empty
1896684377507636910|807478190|25|16|13|('James Cahill')|.575|3|2|0|0|('James Cahill')|empty
1896684377507636910|807478190|26|16|14|('James Roberts')|.349|2|2|0|0|('James Forsyth')|empty
1896684377507636910|807478190|27|16|11|('Jeff Capps')|.655|3|2|0|0|('James Villegas')|empty
1896684377507636910|807478190|28|16|12|('Jeremy Rivera')|.623|3|2|0|0|('Jerald Thompson')|empty
1896684377507636910|807478190|29|16|14|('Joe Henderson')|.349|2|2|0|0|('Jerold Ramirez')|empty
1896684377507636910|807478190|30|15|13|('John King')|.532|3|1|0|0|('John Harris')|empty
1896684377507636910|807478190|31|16|12|('John Watson')|.623|3|2|0|0|('John Lemieux')|empty
1896684377507636910|807478190|32|16|11|('Jose Lane')|.655|3|2|0|0|('Jose Braun')|empty
1896684377507636910|807478190|33|16|15|('Joseph Pena')|.249|2|1|0|0|('Joseph Kline')|empty
1896684377507636910|807478190|34|16|12|('Juan Hyde')|.471|2|2|0|0|('Joseph Reeves')|empty
1896684377507636910|807478190|35|16|14|('Kenneth Reinhardt')|.349|2|2|0|0|('Julio Mooney')|empty
1896684377507636910|807478190|36|14|11|('Kurt Bell')|.616|3|2|0|0|('Kevin Ortiz')|empty
1896684377507636910|807478190|37|16|10|('Larry Lowery')|.663|3|2|0|0|('Lance Graham')|empty
1896684377507636910|807478190|38|16|10|('Leroy Mendoza')|.663|3|2|0|0|('Larry Stanley')|empty
1896684377507636910|807478190|39|16|11|('Marc Simpkins')|.497|2|2|0|0|('Leslie Skaggs')|empty
1896684377507636910|807478190|40|16|13|('Mark Palmer')|.421|2|2|0|0|('Mark Ball')|empty
1896684377507636910|807478190|41|15|11|('Melvin Motley')|.642|3|2|0|0|('Matthew Prichard')|empty
1896684377507636910|807478190|42|15|10|('Michael Gray')|.670|3|2|0|0|('Michael Aguilar')|empty
1896684377507636910|807478190|43|15|11|('Michael Redding')|.481|2|2|0|0|('Michael Irish')|empty
1896684377507636910|807478190|44|16|10|('Mike Johnson')|.799|3|3|0|0|('Michael Wilson')|empty
1896684377507636910|807478190|45|16|9|('Ned Palmer')|.785|3|3|0|0|('Nathan Browne')|empty
1896684377507636910|807478190|46|16|13|('Patrick Feliciano')|.421|2|2|0|0|('Nick Otero')|empty
1896684377507636910|807478190|47|15|12|('Philip Beard')|.595|3|2|0|0|('Peter Li')|empty
1896684377507636910|807478190|48|16|12|('Ray Hoffman')|.623|3|2|0|0|('Phillip Andrews')|empty
1896684377507636910|807478190|49|16|9|('Richard Greene')|.785|3|3|0|0|('Richard Bell')|empty
1896684377507636910|807478190|50|16|11|('Richard Troy')|.497|2|2|0|0|('Richard Powell')|empty
1896684377507636910|807478190|51|16|10|('Robert Green')|.663|3|2|0|0|('Robert Anderson')|empty
1896684377507636910|807478190|52|17|13|('Robert Wilson')|.605|3|2|0|0|('Robert Williams')|empty
1896684377507636910|807478190|53|17|13|('Rolando Berry')|.605|3|2|0|0|('Rolando Berry')|empty
1896684377507636910|807478190|54|17|10|('Rubin Solis')|.781|3|3|0|0|('Ronald Jackson')|empty
1896684377507636910|807478190|55|15|13|('Sergio Rodriguez')|.360|2|2|0|0|('Russell Mclean')|empty
1896684377507636910|807478190|56|17|14|('Steven Farrell')|.557|3|2|0|0|('Shane Vasquez')|empty
1896684377507636910|807478190|57|17|13|('Terry Vickery')|.605|3|2|0|0|('Steven West')|empty
1896684377507636910|807478190|58|17|13|('Thomas Pugh')|.605|3|2|0|0|('Thomas Pollack')|empty
1896684377507636910|807478190|59|16|12|('Tom Hamilton')|.471|2|2|0|0|('Thomas Stevenson')|empty
1896684377507636910|807478190|60|17|10|('Walter Morris')|.640|3|2|0|0|('Walter Hyatt')|empty
1896684377507636910|807478190|61|18|11|('William Davidson')|.481|2|2|0|0|('Warren Williams')|empty
1896684377507636910|807478190|62|18|11|('William Torres')|.771|3|3|0|0|('William Dyson')|empty
1896684377507636910|807478190|63|18|12|('Zane Perez')|.645|3|2|0|0|('Willie Middleton')|empty
1896684377507636910|807478195|0|0|0|('')|.000|0|0|0|0|()|empty
1896684377507636910|807478195|1|10|1|('')|.000|10|0|0|0|('')|empty
1896684377507636910|807478195|2|16|12|('Advisory, new units make far a')|.471|2|2|0|0|('About national aspects will no')|empty
1896684377507636910|807478195|3|16|12|('Allegedly gentle traditions wo')|.623|3|2|0|0|('Ago technical feet must recall')|empty
1896684377507636910|807478195|4|16|15|('Also ruling months go also t')|.249|2|1|0|0|('Also other yards mediate more')|empty
1896684377507636910|807478195|5|16|12|('Architects coul')|.623|3|2|0|0|('Animals differ far. Powerful o')|empty
1896684377507636910|807478195|6|16|15|('Balls might not go much with a')|.249|2|1|0|0|('Associated stages spend mainly')|empty
1896684377507636910|807478195|7|16|13|('Blue police make subsequent, n')|.421|2|2|0|0|('Besides senior horses can poin')|empty
1896684377507636910|807478195|8|15|11|('Businessmen used to manage h')|.481|2|2|0|0|('Boring animals remain much len')|empty
1896684377507636910|807478195|9|15|11|('Children must develop more to')|.481|2|2|0|0|('Casual, costly men lay at once')|empty
1896684377507636910|807478195|10|16|13|('Combined, just databases migh')|.421|2|2|0|0|('Children think however; colleg')|empty
1896684377507636910|807478195|11|16|9|('Concerned cameras apply school')|.785|3|3|0|0|('Combined, nice conditions make')|empty
1896684377507636910|807478195|12|15|12|('Customers manage also professi')|.433|2|2|0|0|('Contents begin publ')|empty
1896684377507636910|807478195|13|15|12|('Developments concentrate wel')|.433|2|2|0|0|('Dangerous feet cannot smash vi')|empty
1896684377507636910|807478195|14|15|11|('Difficult situations take in a')|.642|3|2|0|0|('Different, normal lines cope f')|empty
1896684377507636910|807478195|15|15|9|('Dry changes might see probably')|.816|3|3|0|0|('Difficult, running times must')|empty
1896684377507636910|807478195|16|16|9|('Economic looks cultivate stron')|.628|3|2|0|0|('Eastern, royal children know n')|empty
1896684377507636910|807478195|17|16|11|('Elsewhere left shareholders wo')|.655|3|2|0|0|('Electronic, fine laws will thi')|empty
1896684377507636910|807478195|18|16|14|('Events hold brilliantly a')|.349|2|2|0|0|('Environmental writers might no')|empty
1896684377507636910|807478195|19|16|13|('Faces would not speed current,')|.575|3|2|0|0|('Events would achieve other, ea')|empty
1896684377507636910|807478195|20|16|13|('Fiercely everyday imports esta')|.421|2|2|0|0|('Families make authorities. Any')|empty
1896684377507636910|807478195|21|16|9|('For example generous')|.785|3|3|0|0|('Fit, able feet seek eyes. Impe')|empty
1896684377507636910|807478195|22|15|15|('Functions enter here potential')|.000|1|1|0|0|('For example other patients nee')|empty
1896684377507636910|807478195|23|15|11|('Good, fair prizes could offset')|.642|3|2|0|0|('Geographical, roya')|empty
1896684377507636910|807478195|24|16|12|('Hard, normal things emb')|.745|3|3|0|0|('Good, red events see')|empty
1896684377507636910|807478195|25|16|12|('Home statutory figures throw t')|.623|3|2|0|0|('Hearts take for a prices. Deve')|empty
1896684377507636910|807478195|26|16|13|('Important lights appear consid')|.421|2|2|0|0|('Horrible guests could play wit')|empty
1896684377507636910|807478195|27|16|11|('Indeed social fr')|.782|3|3|0|0|('Important winds might give. En')|empty
1896684377507636910|807478195|28|16|13|('Irish, valid ch')|.421|2|2|0|0|('Initial rats grasp characteris')|empty
1896684377507636910|807478195|29|16|11|('Knees should not note worse ex')|.782|3|3|0|0|('Joint, different police ought')|empty
1896684377507636910|807478195|30|16|12|('Letters encourage nat')|.623|3|2|0|0|('Large, able men mind so urban')|empty
1896684377507636910|807478195|31|16|12|('Loose sources would tell menta')|.623|3|2|0|0|('Local types look yet in order')|empty
1896684377507636910|807478195|32|16|12|('Managers try heavily broken, o')|.623|3|2|0|0|('Major, new policemen would con')|empty
1896684377507636910|807478195|33|16|12|('Mental dollars should exclude')|.623|3|2|0|0|('Measures shall not illustrate')|empty
1896684377507636910|807478195|34|16|14|('More than political phases det')|.349|2|2|0|0|('Miserable instructions see fur')|empty
1896684377507636910|807478195|35|15|11|('Mysterious employe')|.481|2|2|0|0|('Most dead parts will add too')|empty
1896684377507636910|807478195|36|16|15|('New concerns coul')|.249|2|1|0|0|('Mysteriously national election')|empty
1896684377507636910|807478195|37|16|14|('Normally middle-class levels c')|.349|2|2|0|0|('New decisions know usually eng')|empty
1896684377507636910|807478195|38|16|13|('Old workers provide. Roles can')|.421|2|2|0|0|('Now religious relations make n')|empty
1896684377507636910|807478195|39|16|14|('Organisations rock examples. G')|.349|2|2|0|0|('Only true lads must work neces')|empty
1896684377507636910|807478195|40|15|10|('Other, very sorts could not')|.806|3|3|0|0|('Other, early aspects accept mu')|empty
1896684377507636910|807478195|41|16|8|('Parliamentary candidates wait')|.707|3|3|0|0|('Outdoor, social seconds exceed')|empty
1896684377507636910|807478195|42|16|14|('Pockets must not lead views; a')|.349|2|2|0|0|('Particularly growing ways stud')|empty
1896684377507636910|807478195|43|16|13|('Potatoes give well in the thre')|.421|2|2|0|0|('Political approaches provide e')|empty
1896684377507636910|807478195|44|16|13|('Principal discussions can solv')|.421|2|2|0|0|('Present years land. Local, sha')|empty
1896684377507636910|807478195|45|16|12|('Products demonstrate units. Se')|.471|2|2|0|0|('Prior opposite patients say fo')|empty
1896684377507636910|807478195|46|16|12|('Public, numerous hours hold. S')|.471|2|2|0|0|('Programmes stop very. Now big')|empty
1896684377507636910|807478195|47|16|11|('Ready, soviet seats begin more')|.655|3|2|0|0|('Ready, fine generations shake')|empty
1896684377507636910|807478195|48|16|15|('Related features realize much')|.249|2|1|0|0|('Recommendations sit perhaps ci')|empty
1896684377507636910|807478195|49|16|12|('Round, common miles might not')|.623|3|2|0|0|('Results know too. Modern, inte')|empty
1896684377507636910|807478195|50|16|14|('Short, variable circum')|.349|2|2|0|0|('Rural, ordinary women must com')|empty
1896684377507636910|807478195|51|16|14|('So new men resi')|.515|3|1|0|0|('Small, forthcoming hands may k')|empty
1896684377507636910|807478195|52|16|11|('Somehow internal delegates bor')|.655|3|2|0|0|('So so-called men pay respectiv')|empty
1896684377507636910|807478195|53|16|12|('Specific numbers go of course')|.471|2|2|0|0|('Soon male letters will return')|empty
1896684377507636910|807478195|54|17|14|('Strongly reasonable units resi')|.557|3|2|0|0|('Strongly reasonable units resi')|empty
1896684377507636910|807478195|55|17|13|('Supporters may ask particular,')|.461|2|2|0|0|('Strongly sexual years snap.')|empty
1896684377507636910|807478195|56|17|15|('Then irish servants may not pi')|.339|2|2|0|0|('Technical cuts identify so alm')|empty
1896684377507636910|807478195|57|15|12|('There good officers should int')|.595|3|2|0|0|('There common fans choose stead')|empty
1896684377507636910|807478195|58|17|10|('Thus funny needs may decide we')|.781|3|3|0|0|('There old women finish for exa')|empty
1896684377507636910|807478195|59|17|14|('Typical, certain applications')|.410|2|2|0|0|('Today modern cri')|empty
1896684377507636910|807478195|60|17|11|('Varieties will like much more')|.497|2|2|0|0|('Unacceptable, sorry servants m')|empty
1896684377507636910|807478195|61|16|13|('Wages marry most costs; potato')|.575|3|2|0|0|('Voters damage really. Neat, fo')|empty
1896684377507636910|807478195|62|17|13|('Wide, complete instructions mi')|.461|2|2|0|0|('Warm, high hands use ever ago')|empty
1896684377507636910|807478195|63|20|15|('Yesterday left factors handle')|.471|2|2|0|0|('Wonderful accounts understand')|empty
1896684377507636910|807478200|0|0|0|('')|.000|0|0|0|0|()|empty
1896684377507636910|807478200|1|6|1|('')|.000|6|0|0|0|('')|empty
1896684377507636910|807478200|2|996|1|('Unknown')|.000|996|0|0|0|('Unknown')|empty
1896684377507636910|807478205|0|0|0|(1)|.000|0|0|0|0|()|empty
1896684377507636910|807478205|1|85|1|(1)|.000|85|0|0|0|(1)|empty
1896684377507636910|807478205|2|119|1|(2)|.000|119|0|0|0|(2)|empty
1896684377507636910|807478205|3|111|1|(3)|.000|111|0|0|0|(3)|empty
1896684377507636910|807478205|4|102|1|(4)|.000|102|0|0|0|(4)|empty
1896684377507636910|807478205|5|106|1|(5)|.000|106|0|0|0|(5)|empty
1896684377507636910|807478205|6|92|1|(6)|.000|92|0|0|0|(6)|empty
1896684377507636910|807478205|7|86|1|(7)|.000|86|0|0|0|(7)|empty
1896684377507636910|807478205|8|84|1|(8)|.000|84|0|0|0|(8)|empty
1896684377507636910|807478205|9|100|1|(9)|.000|100|0|0|0|(9)|empty
1896684377507636910|807478205|10|109|1|(10)|.000|109|0|0|0|(10)|empty
1896684377507636910|807478205|11|8|1|(NULL)|.000|0|0|0|0|()|empty
1896684377507636910|807478210|0|0|0|('')|.000|0|0|0|0|()|empty
1896684377507636910|807478210|1|10|1|('')|.000|10|0|0|0|('')|empty
1896684377507636910|807478210|2|16|13|('Alva Abner')|.575|3|2|0|0|('Alfred Norwood')|empty
1896684377507636910|807478210|3|16|14|('Anthony Irwin')|.349|2|2|0|0|('Andrew Ellison')|empty
1896684377507636910|807478210|4|16|12|('Benjamin Lopez')|.623|3|2|0|0|('Arnold Miller')|empty
1896684377507636910|807478210|5|16|10|('Bradley Han')|.663|3|2|0|0|('Bradley Curry')|empty
1896684377507636910|807478210|6|16|11|('Brian Leach')|.655|3|2|0|0|('Brian Leach')|empty
1896684377507636910|807478210|7|15|12|('Calvin Lancaster')|.433|2|2|0|0|('Brian Moss')|empty
1896684377507636910|807478210|8|15|11|('Carlos Walker')|.481|2|2|0|0|('Calvin Marin')|empty
1896684377507636910|807478210|9|16|13|('Charles Gaines')|.421|2|2|0|0|('Carlton Bruner')|empty
1896684377507636910|807478210|10|15|12|('Christian Mcdonald')|.595|3|2|0|0|('Charles Saenz')|empty
1896684377507636910|807478210|11|15|10|('Clifford Hicks')|.670|3|2|0|0|('Christopher Clifford')|empty
1896684377507636910|807478210|12|15|7|('Craig Garner')|.832|3|3|0|0|('Clinton Stone')|empty
1896684377507636910|807478210|13|16|11|('Daniel Murray')|.655|3|2|0|0|('Damian Brandt')|empty
1896684377507636910|807478210|14|16|10|('David Curtis')|.663|3|2|0|0|('Daniel Slaton')|empty
1896684377507636910|807478210|15|16|13|('David Wood')|.421|2|2|0|0|('David Galloway')|empty
1896684377507636910|807478210|16|16|13|('Derick Cottrell')|.421|2|2|0|0|('David Young')|empty
1896684377507636910|807478210|17|14|10|('Donald Coleman')|.663|3|2|0|0|('Donald Coleman')|empty
1896684377507636910|807478210|18|16|11|('Donald Williams')|.655|3|2|0|0|('Donald Dodson')|empty
1896684377507636910|807478210|19|16|11|('Earnest Conte')|.655|3|2|0|0|('Douglas Chavis')|empty
1896684377507636910|807478210|20|16|13|('Edward Russell')|.575|3|2|0|0|('Edward Davis')|empty
1896684377507636910|807478210|21|16|12|('Esteban Samuel')|.623|3|2|0|0|('Edwin Adams')|empty
1896684377507636910|807478210|22|16|13|('Frank Jones')|.421|2|2|0|0|('Eugene King')|empty
1896684377507636910|807478210|23|16|12|('Garland Thompson')|.471|2|2|0|0|('Frank Mathis')|empty
1896684377507636910|807478210|24|16|10|('George Cruz')|.663|3|2|0|0|('Gary Pearson')|empty
1896684377507636910|807478210|25|16|14|('Gonzalo Alexander')|.349|2|2|0|0|('George Rucker')|empty
1896684377507636910|807478210|26|16|13|('Harold Bryant')|.575|3|2|0|0|('Gregory Stidham')|empty
1896684377507636910|807478210|27|16|13|('Humberto Richards')|.421|2|2|0|0|('Harry Harkins')|empty
1896684377507636910|807478210|28|15|11|('James Edwards')|.481|2|2|0|0|('Ivan Jordan')|empty
1896684377507636910|807478210|29|16|11|('James West')|.655|3|2|0|0|('James Jones')|empty
1896684377507636910|807478210|30|16|14|('Jeffrey Rucker')|.515|3|1|0|0|('Jeffery Good')|empty
1896684377507636910|807478210|31|14|9|('Jessie Oconnell')|.831|3|3|0|0|('Jeremy Staples')|empty
1896684377507636910|807478210|32|16|11|('John Cheney')|.655|3|2|0|0|('Jesus Dickinson')|empty
1896684377507636910|807478210|33|16|12|('John Smith')|.471|2|2|0|0|('John Duval')|empty
1896684377507636910|807478210|34|15|10|('Jon Hay')|.670|3|2|0|0|('Johnny Brown')|empty
1896684377507636910|807478210|35|15|13|('Joseph Evans')|.360|2|2|0|0|('Jonathan Darby')|empty
1896684377507636910|807478210|36|16|13|('Juan Cassell')|.421|2|2|0|0|('Joseph Fisher')|empty
1896684377507636910|807478210|37|16|13|('Keith Rose')|.575|3|2|0|0|('Keith Bauer')|empty
1896684377507636910|807478210|38|16|14|('Kevin Swartz')|.349|2|2|0|0|('Kenneth Dowling')|empty
1896684377507636910|807478210|39|16|11|('Lee Stephens')|.497|2|2|0|0|('Kim Bloom')|empty
1896684377507636910|807478210|40|16|13|('Louis Bivins')|.421|2|2|0|0|('Leroy Baker')|empty
1896684377507636910|807478210|41|16|10|('Manuel Ruiz')|.799|3|3|0|0|('Louis West')|empty
1896684377507636910|807478210|42|16|14|('Marvin Ferrell')|.515|3|1|0|0|('Mark Fenton')|empty
1896684377507636910|807478210|43|16|9|('Michael Cruz')|.785|3|3|0|0|('Maynard Garcia')|empty
1896684377507636910|807478210|44|16|10|('Michael Rhodes')|.799|3|3|0|0|('Michael King')|empty
1896684377507636910|807478210|45|15|13|('Ned Boyd')|.360|2|2|0|0|('Milton Anderson')|empty
1896684377507636910|807478210|46|15|13|('Paul Bailey')|.360|2|2|0|0|('Neil White')|empty
1896684377507636910|807478210|47|14|13|('Philip Scott')|.266|2|1|0|0|('Paul Carlson')|empty
1896684377507636910|807478210|48|16|11|('Ramon Williams')|.655|3|2|0|0|('Phillip Capps')|empty
1896684377507636910|807478210|49|16|11|('Raymond Martinez')|.497|2|2|0|0|('Randal Hamilton')|empty
1896684377507636910|807478210|50|17|10|('Richard Carson')|.640|3|2|0|0|('Richard Carson')|empty
1896684377507636910|807478210|51|17|14|('Richard Sepulveda')|.410|2|2|0|0|('Richard Isom')|empty
1896684377507636910|807478210|52|17|14|('Robert Lewis')|.410|2|2|0|0|('Richard Webb')|empty
1896684377507636910|807478210|53|16|13|('Rocky Guerrero')|.421|2|2|0|0|('Robert Mcreynolds')|empty
1896684377507636910|807478210|54|17|11|('Ruben Link')|.655|3|2|0|0|('Rodney Storm')|empty
1896684377507636910|807478210|55|17|14|('Samuel Payne')|.410|2|2|0|0|('Russell Shea')|empty
1896684377507636910|807478210|56|17|11|('Stephen Allen')|.782|3|3|0|0|('Scott Smith')|empty
1896684377507636910|807478210|57|17|12|('Steven Rivera')|.759|3|3|0|0|('Steve Hughes')|empty
1896684377507636910|807478210|58|17|13|('Thomas Hussey')|.461|2|2|0|0|('Theo Wood')|empty
1896684377507636910|807478210|59|17|12|('Tom Brooks')|.640|3|2|0|0|('Thomas Muller')|empty
1896684377507636910|807478210|60|17|14|('Victor Ouellette')|.410|2|2|0|0|('Tony Cook')|empty
1896684377507636910|807478210|61|18|14|('William Chu')|.451|2|2|0|0|('Walter Fritz')|empty
1896684377507636910|807478210|62|17|13|('William Peak')|.461|2|2|0|0|('William Johnson')|empty
1896684377507636910|807478210|63|19|14|('Zane Clifton')|.610|3|2|0|0|('William Peterson')|empty
1896684377507636910|807478215|0|0|0|('')|.000|0|0|0|0|()|empty
1896684377507636910|807478215|1|10|1|('')|.000|10|0|0|0|('')|empty
1896684377507636910|807478215|2|144|1|('8AM-12AM')|.000|144|0|0|0|('8AM-12AM')|empty
1896684377507636910|807478215|3|773|1|('8AM-4PM')|.000|773|0|0|0|('8AM-4PM')|empty
1896684377507636910|807478215|4|75|1|('8AM-8AM')|.000|75|0|0|0|('8AM-8AM')|empty
1896684377507636910|807478220|0|0|0|(5002549)|.000|0|0|0|0|()|empty
1896684377507636910|807478220|1|8|7|(5034164)|.349|2|1|0|0|(5023972)|empty
1896684377507636910|807478220|2|16|14|(5105983)|.349|2|2|0|0|(5082244)|empty
1896684377507636910|807478220|3|1|1|(5145077)|.000|1|0|0|0|(5145077)|empty
1896684377507636910|807478220|4|14|11|(5248036)|.445|2|2|0|0|(5212886)|empty
1896684377507636910|807478220|5|20|14|(5319968)|.494|2|2|0|0|(5317744)|empty
1896684377507636910|807478220|6|11|8|(5414586)|.484|2|2|0|0|(5414586)|empty
1896684377507636910|807478220|7|21|15|(5470781)|.611|3|2|0|0|(5421031)|empty
1896684377507636910|807478220|8|21|18|(5555361)|.372|2|2|0|0|(5476916)|empty
1896684377507636910|807478220|9|22|15|(5644158)|.618|3|2|0|0|(5556921)|empty
1896684377507636910|807478220|10|21|19|(5731650)|.306|2|2|0|0|(5646972)|empty
1896684377507636910|807478220|11|20|14|(5804656)|.622|3|2|0|0|(5736271)|empty
1896684377507636910|807478220|12|7|4|(5817269)|.829|3|2|0|0|(5812143)|empty
1896684377507636910|807478220|13|2|1|(5848469)|.000|2|0|0|0|(5848469)|empty
1896684377507636910|807478220|14|22|14|(5956718)|.728|3|3|0|0|(5903445)|empty
1896684377507636910|807478220|15|6|5|(5999242)|.400|2|1|0|0|(5958570)|empty
1896684377507636910|807478220|16|21|18|(6106262)|.372|2|2|0|0|(6070651)|empty
1896684377507636910|807478220|17|12|8|(6178853)|.707|3|2|0|0|(6167550)|empty
1896684377507636910|807478220|18|1|1|(6210798)|.000|1|0|0|0|(6210798)|empty
1896684377507636910|807478220|19|22|16|(6285918)|.695|3|3|0|0|(6216325)|empty
1896684377507636910|807478220|20|22|18|(6380865)|.532|3|2|0|0|(6309814)|empty
1896684377507636910|807478220|21|22|15|(6498927)|.618|3|2|0|0|(6383749)|empty
1896684377507636910|807478220|22|15|11|(6542248)|.481|2|2|0|0|(6511900)|empty
1896684377507636910|807478220|23|1|1|(6578745)|.000|1|0|0|0|(6578745)|empty
1896684377507636910|807478220|24|12|9|(6606294)|.666|3|2|0|0|(6599662)|empty
1896684377507636910|807478220|25|1|1|(6653675)|.000|1|0|0|0|(6653675)|empty
1896684377507636910|807478220|26|20|12|(6747478)|.745|3|3|0|0|(6705772)|empty
1896684377507636910|807478220|27|22|14|(6821579)|.820|3|3|0|0|(6752425)|empty
1896684377507636910|807478220|28|20|15|(6901716)|.471|2|2|0|0|(6823608)|empty
1896684377507636910|807478220|29|22|14|(6999179)|.728|3|3|0|0|(6908770)|empty
1896684377507636910|807478220|30|22|17|(7087706)|.455|2|2|0|0|(7017699)|empty
1896684377507636910|807478220|31|21|17|(7209694)|.424|2|2|0|0|(7183918)|empty
1896684377507636910|807478220|32|22|17|(7320399)|.570|3|2|0|0|(7285391)|empty
1896684377507636910|807478220|33|21|17|(7460854)|.545|3|2|0|0|(7383819)|empty
1896684377507636910|807478220|34|22|14|(7564073)|.728|3|3|0|0|(7478204)|empty
1896684377507636910|807478220|35|22|15|(7648533)|.718|3|3|0|0|(7632328)|empty
1896684377507636910|807478220|36|22|18|(7789214)|.415|2|2|0|0|(7663754)|empty
1896684377507636910|807478220|37|21|14|(7863879)|.626|3|2|0|0|(7802715)|empty
1896684377507636910|807478220|38|22|17|(7994200)|.455|2|2|0|0|(7888767)|empty
1896684377507636910|807478220|39|22|19|(8134586)|.364|2|2|0|0|(8026448)|empty
1896684377507636910|807478220|40|22|15|(8192844)|.718|3|3|0|0|(8167833)|empty
1896684377507636910|807478220|41|21|16|(8298358)|.681|3|3|0|0|(8294866)|empty
1896684377507636910|807478220|42|22|18|(8445250)|.532|3|2|0|0|(8349454)|empty
1896684377507636910|807478220|43|22|15|(8550077)|.718|3|3|0|0|(8509176)|empty
1896684377507636910|807478220|44|22|16|(8625353)|.484|2|2|0|0|(8572860)|empty
1896684377507636910|807478220|45|21|14|(8696794)|.626|3|2|0|0|(8672022)|empty
1896684377507636910|807478220|46|19|14|(8827029)|.479|2|2|0|0|(8701551)|empty
1896684377507636910|807478220|47|21|15|(8952074)|.611|3|2|0|0|(8829685)|empty
1896684377507636910|807478220|48|19|14|(9040078)|.717|3|3|0|0|(8984077)|empty
1896684377507636910|807478220|49|21|16|(9093645)|.582|3|2|0|0|(9040994)|empty
1896684377507636910|807478220|50|21|21|(9236560)|.000|1|1|0|0|(9108567)|empty
1896684377507636910|807478220|51|21|15|(9304346)|.489|2|2|0|0|(9248163)|empty
1896684377507636910|807478220|52|21|17|(9436010)|.545|3|2|0|0|(9370503)|empty
1896684377507636910|807478220|53|21|20|(9609426)|.217|2|1|0|0|(9531516)|empty
1896684377507636910|807478220|54|22|20|(9752528)|.299|2|2|0|0|(9682678)|empty
1896684377507636910|807478220|55|22|17|(9882759)|.455|2|2|0|0|(9805259)|empty
1896684377507636910|807478220|56|16|13|(9997773)|.575|3|2|0|0|(9910287)|empty
1896684377507636910|807478220|57|6|1|(NULL)|.000|2|2|0|0|(8026448)|empty
1896684377507636910|807478225|0|0|0|(200)|.000|0|0|0|0|()|empty
1896684377507636910|807478225|1|7|1|(200)|.000|7|0|0|0|(200)|empty
1896684377507636910|807478225|2|9|1|(201)|.000|9|0|0|0|(201)|empty
1896684377507636910|807478225|3|7|1|(202)|.000|7|0|0|0|(202)|empty
1896684377507636910|807478225|4|4|1|(203)|.000|4|0|0|0|(203)|empty
1896684377507636910|807478225|5|14|1|(204)|.000|14|0|0|0|(204)|empty
1896684377507636910|807478225|6|11|1|(205)|.000|11|0|0|0|(205)|empty
1896684377507636910|807478225|7|9|1|(206)|.000|9|0|0|0|(206)|empty
1896684377507636910|807478225|8|7|1|(207)|.000|7|0|0|0|(207)|empty
1896684377507636910|807478225|9|12|1|(208)|.000|12|0|0|0|(208)|empty
1896684377507636910|807478225|10|12|1|(209)|.000|12|0|0|0|(209)|empty
1896684377507636910|807478225|11|9|1|(210)|.000|9|0|0|0|(210)|empty
1896684377507636910|807478225|12|3|1|(211)|.000|3|0|0|0|(211)|empty
1896684377507636910|807478225|13|11|1|(212)|.000|11|0|0|0|(212)|empty
1896684377507636910|807478225|14|14|1|(213)|.000|14|0|0|0|(213)|empty
1896684377507636910|807478225|15|7|1|(214)|.000|7|0|0|0|(214)|empty
1896684377507636910|807478225|16|11|1|(215)|.000|11|0|0|0|(215)|empty
1896684377507636910|807478225|17|5|1|(216)|.000|5|0|0|0|(216)|empty
1896684377507636910|807478225|18|7|1|(217)|.000|7|0|0|0|(217)|empty
1896684377507636910|807478225|19|10|1|(218)|.000|10|0|0|0|(218)|empty
1896684377507636910|807478225|20|15|1|(219)|.000|15|0|0|0|(219)|empty
1896684377507636910|807478225|21|13|1|(220)|.000|13|0|0|0|(220)|empty
1896684377507636910|807478225|22|11|1|(221)|.000|11|0|0|0|(221)|empty
1896684377507636910|807478225|23|3|1|(222)|.000|3|0|0|0|(222)|empty
1896684377507636910|807478225|24|12|1|(223)|.000|12|0|0|0|(223)|empty
1896684377507636910|807478225|25|5|1|(224)|.000|5|0|0|0|(224)|empty
1896684377507636910|807478225|26|18|1|(225)|.000|18|0|0|0|(225)|empty
1896684377507636910|807478225|27|11|1|(226)|.000|11|0|0|0|(226)|empty
1896684377507636910|807478225|28|14|1|(227)|.000|14|0|0|0|(227)|empty
1896684377507636910|807478225|29|10|1|(228)|.000|10|0|0|0|(228)|empty
1896684377507636910|807478225|30|9|1|(229)|.000|9|0|0|0|(229)|empty
1896684377507636910|807478225|31|7|1|(230)|.000|7|0|0|0|(230)|empty
1896684377507636910|807478225|32|12|1|(231)|.000|12|0|0|0|(231)|empty
1896684377507636910|807478225|33|7|2|(233)|1.500|5|2|0|0|(232)|empty
1896684377507636910|807478225|34|20|1|(234)|.000|20|0|0|0|(234)|empty
1896684377507636910|807478225|35|8|1|(235)|.000|8|0|0|0|(235)|empty
1896684377507636910|807478225|36|15|1|(236)|.000|15|0|0|0|(236)|empty
1896684377507636910|807478225|37|3|1|(237)|.000|3|0|0|0|(237)|empty
1896684377507636910|807478225|38|10|1|(238)|.000|10|0|0|0|(238)|empty
1896684377507636910|807478225|39|14|1|(239)|.000|14|0|0|0|(239)|empty
1896684377507636910|807478225|40|9|1|(240)|.000|9|0|0|0|(240)|empty
1896684377507636910|807478225|41|18|2|(242)|6.000|15|3|0|0|(241)|empty
1896684377507636910|807478225|42|7|1|(243)|.000|7|0|0|0|(243)|empty
1896684377507636910|807478225|43|14|1|(244)|.000|14|0|0|0|(244)|empty
1896684377507636910|807478225|44|8|1|(245)|.000|8|0|0|0|(245)|empty
1896684377507636910|807478225|45|4|1|(246)|.000|4|0|0|0|(246)|empty
1896684377507636910|807478225|46|7|1|(247)|.000|7|0|0|0|(247)|empty
1896684377507636910|807478225|47|11|1|(248)|.000|11|0|0|0|(248)|empty
1896684377507636910|807478225|48|7|1|(249)|.000|7|0|0|0|(249)|empty
1896684377507636910|807478225|49|5|1|(250)|.000|5|0|0|0|(250)|empty
1896684377507636910|807478225|50|18|1|(251)|.000|18|0|0|0|(251)|empty
1896684377507636910|807478225|51|14|1|(252)|.000|14|0|0|0|(252)|empty
1896684377507636910|807478225|52|6|1|(253)|.000|6|0|0|0|(253)|empty
1896684377507636910|807478225|53|10|1|(254)|.000|10|0|0|0|(254)|empty
1896684377507636910|807478225|54|12|1|(255)|.000|12|0|0|0|(255)|empty
1896684377507636910|807478225|55|5|1|(256)|.000|5|0|0|0|(256)|empty
1896684377507636910|807478225|56|9|1|(257)|.000|9|0|0|0|(257)|empty
1896684377507636910|807478225|57|6|1|(258)|.000|6|0|0|0|(258)|empty
1896684377507636910|807478225|58|10|1|(259)|.000|10|0|0|0|(259)|empty
1896684377507636910|807478225|59|16|1|(260)|.000|16|0|0|0|(260)|empty
1896684377507636910|807478225|60|15|1|(261)|.000|15|0|0|0|(261)|empty
1896684377507636910|807478225|61|11|1|(262)|.000|11|0|0|0|(262)|empty
1896684377507636910|807478225|62|8|1|(263)|.000|8|0|0|0|(263)|empty
1896684377507636910|807478225|63|8|1|(264)|.000|8|0|0|0|(264)|empty
1896684377507636910|807478225|64|12|1|(265)|.000|12|0|0|0|(265)|empty
1896684377507636910|807478225|65|8|1|(266)|.000|8|0|0|0|(266)|empty
1896684377507636910|807478225|66|12|2|(268)|5.000|11|1|0|0|(268)|empty
1896684377507636910|807478225|67|6|1|(269)|.000|6|0|0|0|(269)|empty
1896684377507636910|807478225|68|16|2|(271)|5.000|13|3|0|0|(271)|empty
1896684377507636910|807478225|69|9|1|(272)|.000|9|0|0|0|(272)|empty
1896684377507636910|807478225|70|6|1|(273)|.000|6|0|0|0|(273)|empty
1896684377507636910|807478225|71|13|1|(274)|.000|13|0|0|0|(274)|empty
1896684377507636910|807478225|72|7|1|(275)|.000|7|0|0|0|(275)|empty
1896684377507636910|807478225|73|10|1|(276)|.000|10|0|0|0|(276)|empty
1896684377507636910|807478225|74|13|1|(277)|.000|13|0|0|0|(277)|empty
1896684377507636910|807478225|75|13|1|(278)|.000|13|0|0|0|(278)|empty
1896684377507636910|807478225|76|11|1|(279)|.000|11|0|0|0|(279)|empty
1896684377507636910|807478225|77|12|1|(280)|.000|12|0|0|0|(280)|empty
1896684377507636910|807478225|78|11|1|(281)|.000|11|0|0|0|(281)|empty
1896684377507636910|807478225|79|10|1|(282)|.000|10|0|0|0|(282)|empty
1896684377507636910|807478225|80|16|1|(283)|.000|16|0|0|0|(283)|empty
1896684377507636910|807478225|81|11|1|(284)|.000|11|0|0|0|(284)|empty
1896684377507636910|807478225|82|12|1|(285)|.000|12|0|0|0|(285)|empty
1896684377507636910|807478225|83|20|2|(287)|.000|10|10|0|0|(287)|empty
1896684377507636910|807478225|84|16|1|(288)|.000|16|0|0|0|(288)|empty
1896684377507636910|807478225|85|17|2|(290)|3.500|12|5|0|0|(290)|empty
1896684377507636910|807478225|86|13|1|(291)|.000|13|0|0|0|(291)|empty
1896684377507636910|807478225|87|7|1|(292)|.000|7|0|0|0|(292)|empty
1896684377507636910|807478225|88|11|1|(293)|.000|11|0|0|0|(293)|empty
1896684377507636910|807478225|89|11|1|(294)|.000|11|0|0|0|(294)|empty
1896684377507636910|807478225|90|12|1|(295)|.000|12|0|0|0|(295)|empty
1896684377507636910|807478225|91|6|1|(296)|.000|6|0|0|0|(296)|empty
1896684377507636910|807478225|92|10|1|(297)|.000|10|0|0|0|(297)|empty
1896684377507636910|807478225|93|16|1|(298)|.000|16|0|0|0|(298)|empty
1896684377507636910|807478225|94|11|1|(299)|.000|11|0|0|0|(299)|empty
1896684377507636910|807478225|95|12|1|(300)|.000|12|0|0|0|(300)|empty
1896684377507636910|807478225|96|8|1|(NULL)|.000|6|0|0|0|(296)|empty
1896684377507636910|807478230|0|0|0|('')|.000|0|0|0|0|()|empty
1896684377507636910|807478230|1|7|1|('')|.000|7|0|0|0|('')|empty
1896684377507636910|807478230|2|117|1|('able')|.000|117|0|0|0|('able')|empty
1896684377507636910|807478230|3|70|1|('anti')|.000|70|0|0|0|('anti')|empty
1896684377507636910|807478230|4|74|1|('ation')|.000|74|0|0|0|('ation')|empty
1896684377507636910|807478230|5|122|1|('bar')|.000|122|0|0|0|('bar')|empty
1896684377507636910|807478230|6|120|1|('cally')|.000|120|0|0|0|('cally')|empty
1896684377507636910|807478230|7|116|1|('eing')|.000|116|0|0|0|('eing')|empty
1896684377507636910|807478230|8|126|1|('ese')|.000|126|0|0|0|('ese')|empty
1896684377507636910|807478230|9|86|1|('n st')|.000|86|0|0|0|('n st')|empty
1896684377507636910|807478230|10|77|1|('ought')|.000|77|0|0|0|('ought')|empty
1896684377507636910|807478230|11|87|1|('pri')|.000|87|0|0|0|('pri')|empty
1896684377507636910|807478235|0|0|0|(2450820)|.000|0|0|0|0|()|empty
1896684377507636910|807478235|1|6|3|(2450828)|.816|3|2|0|0|(2450828)|empty
1896684377507636910|807478235|2|16|8|(2450849)|1.000|4|3|0|0|(2450833)|empty
1896684377507636910|807478235|3|12|6|(2450866)|1.154|4|3|0|0|(2450852)|empty
1896684377507636910|807478235|4|17|8|(2450892)|1.053|4|3|0|0|(2450877)|empty
1896684377507636910|807478235|5|12|6|(2450906)|.816|3|3|0|0|(2450893)|empty
1896684377507636910|807478235|6|12|8|(2450921)|.707|3|2|0|0|(2450921)|empty
1896684377507636910|807478235|7|1|1|(2450939)|.000|1|0|0|0|(2450939)|empty
1896684377507636910|807478235|8|11|8|(2450960)|.484|2|2|0|0|(2450946)|empty
1896684377507636910|807478235|9|2|1|(2450969)|.000|2|0|0|0|(2450969)|empty
1896684377507636910|807478235|10|20|13|(2451010)|.745|3|3|0|0|(2450986)|empty
1896684377507636910|807478235|11|22|16|(2451057)|.695|3|3|0|0|(2451015)|empty
1896684377507636910|807478235|12|22|13|(2451092)|.821|3|3|0|0|(2451072)|empty
1896684377507636910|807478235|13|4|3|(2451099)|.471|2|1|0|0|(2451099)|empty
1896684377507636910|807478235|14|1|1|(2451108)|.000|1|0|0|0|(2451108)|empty
1896684377507636910|807478235|15|6|5|(2451117)|.400|2|1|0|0|(2451109)|empty
1896684377507636910|807478235|16|1|1|(2451127)|.000|1|0|0|0|(2451127)|empty
1896684377507636910|807478235|17|9|5|(2451141)|.748|3|2|0|0|(2451141)|empty
1896684377507636910|807478235|18|1|1|(2451155)|.000|1|0|0|0|(2451155)|empty
1896684377507636910|807478235|19|12|6|(2451179)|1.000|4|2|0|0|(2451169)|empty
1896684377507636910|807478235|20|1|1|(2451189)|.000|1|0|0|0|(2451189)|empty
1896684377507636910|807478235|21|22|16|(2451227)|.599|3|2|0|0|(2451204)|empty
1896684377507636910|807478235|22|20|12|(2451255)|.745|3|3|0|0|(2451228)|empty
1896684377507636910|807478235|23|21|12|(2451292)|.721|3|3|0|0|(2451260)|empty
1896684377507636910|807478235|24|6|4|(2451300)|.500|2|2|0|0|(2451293)|empty
1896684377507636910|807478235|25|8|1|(2451301)|.000|8|0|0|0|(2451301)|empty
1896684377507636910|807478235|26|8|3|(2451313)|1.247|4|3|0|0|(2451309)|empty
1896684377507636910|807478235|27|729|1|(NULL)|.000|1|0|0|0|(2451189)|empty
1896684377507636910|807478240|0|0|0|(DATE '1999-03-13')|.000|0|0|0|0|()|empty
1896684377507636910|807478240|1|167|1|(DATE '1999-03-13')|.000|167|0|0|0|(DATE '1999-03-13')|empty
1896684377507636910|807478240|2|167|1|(DATE '2000-03-12')|.000|167|0|0|0|(DATE '2000-03-12')|empty
1896684377507636910|807478240|3|167|1|(DATE '2001-03-12')|.000|167|0|0|0|(DATE '2001-03-12')|empty
1896684377507636910|807478240|4|501|1|(NULL)|.000|0|0|0|0|()|empty
1896684377507636910|807478245|0|0|0|(DATE '1997-03-13')|.000|0|0|0|0|()|empty
1896684377507636910|807478245|1|495|1|(DATE '1997-03-13')|.000|495|0|0|0|(DATE '1997-03-13')|empty
1896684377507636910|807478245|2|167|1|(DATE '1999-03-14')|.000|167|0|0|0|(DATE '1999-03-14')|empty
1896684377507636910|807478245|3|167|1|(DATE '2000-03-13')|.000|167|0|0|0|(DATE '2000-03-13')|empty
1896684377507636910|807478245|4|166|1|(DATE '2001-03-13')|.000|166|0|0|0|(DATE '2001-03-13')|empty
1896684377507636910|807478245|5|7|1|(NULL)|.000|0|0|0|0|()|empty
1896684377507636910|807478250|0|0|0|('AAAAAAAAAABAAAAA')|.000|0|0|0|0|()|empty
1896684377507636910|807478250|1|15|6|('AAAAAAAAACAAAAAA')|.500|3|3|0|0|('AAAAAAAAAABAAAAA')|empty
1896684377507636910|807478250|2|15|6|('AAAAAAAAAEBAAAAA')|.500|3|3|0|0|('AAAAAAAAACCAAAAA')|empty
1896684377507636910|807478250|3|15|6|('AAAAAAAAAGCAAAAA')|.500|3|3|0|0|('AAAAAAAAAEDAAAAA')|empty
1896684377507636910|807478250|4|15|6|('AAAAAAAAAIDAAAAA')|.500|3|3|0|0|('AAAAAAAAAHAAAAAA')|empty
1896684377507636910|807478250|5|15|6|('AAAAAAAAALAAAAAA')|.500|3|3|0|0|('AAAAAAAAAJBAAAAA')|empty
1896684377507636910|807478250|6|15|6|('AAAAAAAAANBAAAAA')|.500|3|3|0|0|('AAAAAAAAALCAAAAA')|empty
1896684377507636910|807478250|7|16|7|('AAAAAAAABAAAAAAA')|.699|3|3|0|0|('AAAAAAAAANDAAAAA')|empty
1896684377507636910|807478250|8|16|16|('AAAAAAAABMAAAAAA')|.000|1|1|0|0|('AAAAAAAABADAAAAA')|empty
1896684377507636910|807478250|9|16|9|('AAAAAAAACBCAAAAA')|.785|3|3|0|0|('AAAAAAAACACAAAAA')|empty
1896684377507636910|807478250|10|15|6|('AAAAAAAACDDAAAAA')|.500|3|3|0|0|('AAAAAAAACCAAAAAA')|empty
1896684377507636910|807478250|11|15|6|('AAAAAAAACGAAAAAA')|.500|3|3|0|0|('AAAAAAAACEBAAAAA')|empty
1896684377507636910|807478250|12|15|6|('AAAAAAAACIBAAAAA')|.500|3|3|0|0|('AAAAAAAACGCAAAAA')|empty
1896684377507636910|807478250|13|15|6|('AAAAAAAACKCAAAAA')|.500|3|3|0|0|('AAAAAAAACIDAAAAA')|empty
1896684377507636910|807478250|14|15|6|('AAAAAAAACMDAAAAA')|.500|3|3|0|0|('AAAAAAAACLAAAAAA')|empty
1896684377507636910|807478250|15|15|6|('AAAAAAAACPAAAAAA')|.500|3|3|0|0|('AAAAAAAACNBAAAAA')|empty
1896684377507636910|807478250|16|16|14|('AAAAAAAADJBAAAAA')|.515|3|1|0|0|('AAAAAAAACPCAAAAA')|empty
1896684377507636910|807478250|17|16|11|('AAAAAAAAEADAAAAA')|.782|3|3|0|0|('AAAAAAAAEAAAAAAA')|empty
1896684377507636910|807478250|18|15|6|('AAAAAAAAEDAAAAAA')|.500|3|3|0|0|('AAAAAAAAEBCAAAAA')|empty
1896684377507636910|807478250|19|15|6|('AAAAAAAAEFBAAAAA')|.500|3|3|0|0|('AAAAAAAAEDDAAAAA')|empty
1896684377507636910|807478250|20|15|6|('AAAAAAAAEHCAAAAA')|.500|3|3|0|0|('AAAAAAAAEGAAAAAA')|empty
1896684377507636910|807478250|21|15|6|('AAAAAAAAEJDAAAAA')|.500|3|3|0|0|('AAAAAAAAEIBAAAAA')|empty
1896684377507636910|807478250|22|15|6|('AAAAAAAAEMAAAAAA')|.500|3|3|0|0|('AAAAAAAAEKCAAAAA')|empty
1896684377507636910|807478250|23|15|6|('AAAAAAAAEOBAAAAA')|.500|3|3|0|0|('AAAAAAAAEMDAAAAA')|empty
1896684377507636910|807478250|24|16|12|('AAAAAAAAFGCAAAAA')|.623|3|2|0|0|('AAAAAAAAEPAAAAAA')|empty
1896684377507636910|807478250|25|15|13|('AAAAAAAAGABAAAAA')|.532|3|1|0|0|('AAAAAAAAGABAAAAA')|empty
1896684377507636910|807478250|26|15|6|('AAAAAAAAGCCAAAAA')|.500|3|3|0|0|('AAAAAAAAGBAAAAAA')|empty
1896684377507636910|807478250|27|15|6|('AAAAAAAAGEDAAAAA')|.500|3|3|0|0|('AAAAAAAAGDBAAAAA')|empty
1896684377507636910|807478250|28|15|6|('AAAAAAAAGHAAAAAA')|.500|3|3|0|0|('AAAAAAAAGFCAAAAA')|empty
1896684377507636910|807478250|29|15|6|('AAAAAAAAGJBAAAAA')|.500|3|3|0|0|('AAAAAAAAGHDAAAAA')|empty
1896684377507636910|807478250|30|17|7|('AAAAAAAAGLDAAAAA')|.494|3|3|0|0|('AAAAAAAAGKAAAAAA')|empty
1896684377507636910|807478250|31|15|6|('AAAAAAAAGOAAAAAA')|.500|3|3|0|0|('AAAAAAAAGMBAAAAA')|empty
1896684377507636910|807478250|32|17|11|('AAAAAAAAHECAAAAA')|.782|3|3|0|0|('AAAAAAAAGOCAAAAA')|empty
1896684377507636910|807478250|33|16|15|('AAAAAAAAIAAAAAAA')|.249|2|1|0|0|('AAAAAAAAIAAAAAAA')|empty
1896684377507636910|807478250|34|15|6|('AAAAAAAAICBAAAAA')|.500|3|3|0|0|('AAAAAAAAIACAAAAA')|empty
1896684377507636910|807478250|35|15|6|('AAAAAAAAIECAAAAA')|.500|3|3|0|0|('AAAAAAAAICDAAAAA')|empty
1896684377507636910|807478250|36|15|6|('AAAAAAAAIGDAAAAA')|.500|3|3|0|0|('AAAAAAAAIFAAAAAA')|empty
1896684377507636910|807478250|37|15|6|('AAAAAAAAIJAAAAAA')|.500|3|3|0|0|('AAAAAAAAIHBAAAAA')|empty
1896684377507636910|807478250|38|15|6|('AAAAAAAAILBAAAAA')|.500|3|3|0|0|('AAAAAAAAIJCAAAAA')|empty
1896684377507636910|807478250|39|15|6|('AAAAAAAAINCAAAAA')|.500|3|3|0|0|('AAAAAAAAILDAAAAA')|empty
1896684377507636910|807478250|40|17|9|('AAAAAAAAJCCAAAAA')|.874|3|3|0|0|('AAAAAAAAIOAAAAAA')|empty
1896684377507636910|807478250|41|17|17|('AAAAAAAAJPBAAAAA')|.000|1|1|0|0|('AAAAAAAAJDBAAAAA')|empty
1896684377507636910|807478250|42|15|6|('AAAAAAAAKBDAAAAA')|.500|3|3|0|0|('AAAAAAAAKAAAAAAA')|empty
1896684377507636910|807478250|43|15|6|('AAAAAAAAKEAAAAAA')|.500|3|3|0|0|('AAAAAAAAKCBAAAAA')|empty
1896684377507636910|807478250|44|18|7|('AAAAAAAAKGDAAAAA')|.494|3|3|0|0|('AAAAAAAAKECAAAAA')|empty
1896684377507636910|807478250|45|17|7|('AAAAAAAAKJBAAAAA')|.494|3|3|0|0|('AAAAAAAAKHCAAAAA')|empty
1896684377507636910|807478250|46|18|7|('AAAAAAAAKMAAAAAA')|.494|3|3|0|0|('AAAAAAAAKJDAAAAA')|empty
1896684377507636910|807478250|47|17|7|('AAAAAAAAKOCAAAAA')|.494|3|3|0|0|('AAAAAAAAKMDAAAAA')|empty
1896684377507636910|807478250|48|18|15|('AAAAAAAALJCAAAAA')|.541|3|2|0|0|('AAAAAAAAKPAAAAAA')|empty
1896684377507636910|807478250|49|17|11|('AAAAAAAAMBBAAAAA')|.782|3|3|0|0|('AAAAAAAAMABAAAAA')|empty
1896684377507636910|807478250|50|18|7|('AAAAAAAAMEAAAAAA')|.494|3|3|0|0|('AAAAAAAAMBDAAAAA')|empty
1896684377507636910|807478250|51|17|7|('AAAAAAAAMGCAAAAA')|.494|3|3|0|0|('AAAAAAAAMEDAAAAA')|empty
1896684377507636910|807478250|52|18|7|('AAAAAAAAMJBAAAAA')|.494|3|3|0|0|('AAAAAAAAMHAAAAAA')|empty
1896684377507636910|807478250|53|17|7|('AAAAAAAAMLDAAAAA')|.494|3|3|0|0|('AAAAAAAAMKAAAAAA')|empty
1896684377507636910|807478250|54|18|7|('AAAAAAAAMOCAAAAA')|.494|3|3|0|0|('AAAAAAAAMMBAAAAA')|empty
1896684377507636910|807478250|55|18|15|('AAAAAAAANJAAAAAA')|.541|3|2|0|0|('AAAAAAAAMPBAAAAA')|empty
1896684377507636910|807478250|56|18|12|('AAAAAAAAOBBAAAAA')|.763|3|3|0|0|('AAAAAAAAOACAAAAA')|empty
1896684377507636910|807478250|57|17|7|('AAAAAAAAODDAAAAA')|.494|3|3|0|0|('AAAAAAAAOCAAAAAA')|empty
1896684377507636910|807478250|58|18|7|('AAAAAAAAOGCAAAAA')|.494|3|3|0|0|('AAAAAAAAOEBAAAAA')|empty
1896684377507636910|807478250|59|17|7|('AAAAAAAAOJAAAAAA')|.494|3|3|0|0|('AAAAAAAAOHBAAAAA')|empty
1896684377507636910|807478250|60|20|8|('AAAAAAAAOMAAAAAA')|.500|3|3|0|0|('AAAAAAAAOJCAAAAA')|empty
1896684377507636910|807478250|61|20|8|('AAAAAAAAOPCAAAAA')|.500|3|3|0|0|('AAAAAAAAOMCAAAAA')|empty
1896684377507636910|807478250|62|21|21|('AAAAAAAAPPBAAAAA')|.000|1|1|0|0|('AAAAAAAAPABAAAAA')|empty
1896684377507636910|807478255|0|0|0|(1)|.000|0|0|0|0|()|empty
1896684377507636910|807478255|1|20|20|(20)|.000|1|1|0|0|(1)|empty
1896684377507636910|807478255|2|20|20|(40)|.000|1|1|0|0|(21)|empty
1896684377507636910|807478255|3|20|20|(60)|.000|1|1|0|0|(41)|empty
1896684377507636910|807478255|4|20|20|(80)|.000|1|1|0|0|(61)|empty
1896684377507636910|807478255|5|20|20|(100)|.000|1|1|0|0|(81)|empty
1896684377507636910|807478255|6|20|20|(120)|.000|1|1|0|0|(101)|empty
1896684377507636910|807478255|7|21|21|(141)|.000|1|1|0|0|(121)|empty
1896684377507636910|807478255|8|21|21|(162)|.000|1|1|0|0|(142)|empty
1896684377507636910|807478255|9|21|21|(183)|.000|1|1|0|0|(163)|empty
1896684377507636910|807478255|10|21|21|(204)|.000|1|1|0|0|(184)|empty
1896684377507636910|807478255|11|21|21|(225)|.000|1|1|0|0|(205)|empty
1896684377507636910|807478255|12|21|21|(246)|.000|1|1|0|0|(226)|empty
1896684377507636910|807478255|13|21|21|(267)|.000|1|1|0|0|(247)|empty
1896684377507636910|807478255|14|21|21|(288)|.000|1|1|0|0|(268)|empty
1896684377507636910|807478255|15|21|21|(309)|.000|1|1|0|0|(289)|empty
1896684377507636910|807478255|16|21|21|(330)|.000|1|1|0|0|(310)|empty
1896684377507636910|807478255|17|21|21|(351)|.000|1|1|0|0|(331)|empty
1896684377507636910|807478255|18|21|21|(372)|.000|1|1|0|0|(352)|empty
1896684377507636910|807478255|19|21|21|(393)|.000|1|1|0|0|(373)|empty
1896684377507636910|807478255|20|21|21|(414)|.000|1|1|0|0|(394)|empty
1896684377507636910|807478255|21|21|21|(435)|.000|1|1|0|0|(415)|empty
1896684377507636910|807478255|22|21|21|(456)|.000|1|1|0|0|(436)|empty
1896684377507636910|807478255|23|21|21|(477)|.000|1|1|0|0|(457)|empty
1896684377507636910|807478255|24|21|21|(498)|.000|1|1|0|0|(478)|empty
1896684377507636910|807478255|25|21|21|(519)|.000|1|1|0|0|(499)|empty
1896684377507636910|807478255|26|21|21|(540)|.000|1|1|0|0|(520)|empty
1896684377507636910|807478255|27|21|21|(561)|.000|1|1|0|0|(541)|empty
1896684377507636910|807478255|28|21|21|(582)|.000|1|1|0|0|(562)|empty
1896684377507636910|807478255|29|21|21|(603)|.000|1|1|0|0|(583)|empty
1896684377507636910|807478255|30|21|21|(624)|.000|1|1|0|0|(604)|empty
1896684377507636910|807478255|31|21|21|(645)|.000|1|1|0|0|(625)|empty
1896684377507636910|807478255|32|21|21|(666)|.000|1|1|0|0|(646)|empty
1896684377507636910|807478255|33|21|21|(687)|.000|1|1|0|0|(667)|empty
1896684377507636910|807478255|34|21|21|(708)|.000|1|1|0|0|(688)|empty
1896684377507636910|807478255|35|21|21|(729)|.000|1|1|0|0|(709)|empty
1896684377507636910|807478255|36|21|21|(750)|.000|1|1|0|0|(730)|empty
1896684377507636910|807478255|37|21|21|(771)|.000|1|1|0|0|(751)|empty
1896684377507636910|807478255|38|21|21|(792)|.000|1|1|0|0|(772)|empty
1896684377507636910|807478255|39|21|21|(813)|.000|1|1|0|0|(793)|empty
1896684377507636910|807478255|40|21|21|(834)|.000|1|1|0|0|(814)|empty
1896684377507636910|807478255|41|21|21|(855)|.000|1|1|0|0|(835)|empty
1896684377507636910|807478255|42|21|21|(876)|.000|1|1|0|0|(856)|empty
1896684377507636910|807478255|43|21|21|(897)|.000|1|1|0|0|(877)|empty
1896684377507636910|807478255|44|21|21|(918)|.000|1|1|0|0|(898)|empty
1896684377507636910|807478255|45|21|21|(939)|.000|1|1|0|0|(919)|empty
1896684377507636910|807478255|46|21|21|(960)|.000|1|1|0|0|(940)|empty
1896684377507636910|807478255|47|21|21|(981)|.000|1|1|0|0|(961)|empty
1896684377507636910|807478255|48|21|21|(1002)|.000|1|1|0|0|(982)|empty
1896684377507636910|807478261|0|0|0|('','AAAAAAAAAABAAAAA')|.000|0|0|0|0|()|empty
1896684377507636910|807478261|1|1002|772|('pri','AAAAAAAAPPBAAAAA')|.540|3|3|0|0|('')|empty
1896684377507636910|807478264|0|0|0|('','','','','','','','',1,'')|.000|0|0|0|0|()|empty
1896684377507636910|807478264|1|1002|1002|('99454','WV','Ziebach County','Woodlawn','Suite Y','Wy','Woodland Oak','999',1,'pri')|.000|1|1|0|0|('nused')|empty
1896684377507636910|807478271|0|0|0|('','')|.000|0|0|0|0|()|empty
1896684377507636910|807478271|1|1002|35|('WV','Ziebach County')|15.688|50|47|0|0|('nused')|empty
1896684377507636910|807478275|0|0|0|('','')|.000|0|0|0|0|()|empty
1896684377507636910|807478275|1|1002|15|('Unknown','pri')|49.000|125|122|0|0|('')|empty
1896684377507636910|807478280|0|0|0|('','')|.000|0|0|0|0|()|empty
1896684377507636910|807478280|1|1002|211|('WV','pri')|2.965|18|13|0|0|('')|empty
