6423927512735897796|482555336|0|0|0|(0)|.000|0|0|0|0|()|empty
6423927512735897796|482555336|1|13871976|21|(20)|29.775|704352|693216|0|0|(0)|empty
6423927512735897796|482555336|2|13979856|21|(41)|28.699|702264|692520|0|0|(35)|empty
6423927512735897796|482555336|3|14441304|22|(63)|30.481|693216|684168|0|0|(42)|empty
6423927512735897796|482555336|4|14481672|22|(85)|36.987|714096|693216|0|0|(83)|empty
6423927512735897796|482555336|5|14013960|21|(106)|32.044|707136|699480|0|0|(97)|empty
6423927512735897796|482555336|6|14421816|22|(128)|32.229|697392|696696|0|0|(115)|empty
6423927512735897796|482555336|7|14494200|22|(150)|39.568|702264|698088|0|0|(138)|empty
6423927512735897796|482555336|8|14017440|21|(171)|26.783|706440|696000|0|0|(156)|empty
6423927512735897796|482555336|9|14440608|22|(193)|29.567|691824|686952|0|0|(182)|empty
6423927512735897796|482555336|10|14000736|21|(214)|27.041|699480|694608|0|0|(200)|empty
6423927512735897796|482555336|11|14553360|22|(236)|30.730|698088|696000|0|0|(229)|empty
6423927512735897796|482555336|12|13929048|21|(257)|25.733|700176|687648|0|0|(257)|empty
6423927512735897796|482555336|13|14446872|22|(279)|41.944|719664|691824|0|0|(279)|empty
6423927512735897796|482555336|14|14579112|22|(301)|28.671|706440|692520|0|0|(282)|empty
6423927512735897796|482555336|15|14472624|22|(323)|32.145|698784|696000|0|0|(310)|empty
6423927512735897796|482555336|16|14588160|22|(345)|39.727|707832|707136|0|0|(330)|empty
6423927512735897796|482555336|17|14575632|22|(367)|38.320|705048|702960|0|0|(357)|empty
6423927512735897796|482555336|18|14593032|22|(389)|35.936|704352|702960|0|0|(373)|empty
6423927512735897796|482555336|19|14398152|22|(411)|23.638|688344|674424|0|0|(391)|empty
6423927512735897796|482555336|20|13964544|21|(432)|24.735|700872|693912|0|0|(428)|empty
6423927512735897796|482555336|21|14458008|22|(454)|38.761|712704|702960|0|0|(440)|empty
6423927512735897796|482555336|22|14510904|22|(476)|35.161|712704|710616|0|0|(471)|empty
6423927512735897796|482555336|23|14613216|22|(498)|36.715|712704|708528|0|0|(485)|empty
6423927512735897796|482555336|24|14448264|22|(520)|31.811|701568|698784|0|0|(515)|empty
6423927512735897796|482555336|25|14630616|22|(542)|41.832|723840|700176|0|0|(530)|empty
6423927512735897796|482555336|26|14029272|21|(563)|32.215|713400|696000|0|0|(544)|empty
6423927512735897796|482555336|27|14482368|22|(585)|32.203|700176|692520|0|0|(570)|empty
6423927512735897796|482555336|28|14338296|22|(607)|29.538|696696|682776|0|0|(606)|empty
6423927512735897796|482555336|29|14629224|22|(629)|31.791|709224|700176|0|0|(627)|empty
6423927512735897796|482555336|30|14426688|22|(651)|26.456|694608|683472|0|0|(630)|empty
6423927512735897796|482555336|31|14485152|22|(673)|45.505|721056|716880|0|0|(670)|empty
6423927512735897796|482555336|32|14323680|22|(695)|38.677|712008|702960|0|0|(683)|empty
6423927512735897796|482555336|33|14625744|22|(717)|27.022|697392|691128|0|0|(698)|empty
6423927512735897796|482555336|34|14606256|22|(739)|45.922|746808|710616|0|0|(719)|empty
6423927512735897796|482555336|35|14622264|22|(761)|34.947|717576|698088|0|0|(757)|empty
6423927512735897796|482555336|36|14522736|22|(783)|28.280|700176|696000|0|0|(780)|empty
6423927512735897796|482555336|37|14493504|22|(805)|24.251|704352|679296|0|0|(786)|empty
6423927512735897796|482555336|38|14436432|22|(827)|43.056|702960|695304|0|0|(812)|empty
6423927512735897796|482555336|39|14428080|22|(849)|34.005|700872|686256|0|0|(843)|empty
6423927512735897796|482555336|40|14573544|22|(871)|25.984|705744|687648|0|0|(871)|empty
6423927512735897796|482555336|41|14561712|22|(893)|30.604|703656|691128|0|0|(887)|empty
6423927512735897796|482555336|42|14618088|22|(915)|34.498|705048|697392|0|0|(913)|empty
6423927512735897796|482555336|43|15110160|23|(938)|34.782|702960|696000|0|0|(918)|empty
6423927512735897796|482555336|44|14535264|22|(960)|31.007|700176|693912|0|0|(943)|empty
6423927512735897796|482555336|45|15143568|23|(983)|32.538|695304|691824|0|0|(961)|empty
6423927512735897796|482555336|46|11225784|17|(1000)|37.561|705048|701568|0|0|(999)|empty
6423927512735897796|482555336|47|34857072|1|(NULL)|.000|0|0|0|0|()|empty
6423927512735897796|482555343|0|0|0|(1)|.000|0|0|0|0|()|empty
6423927512735897796|482555343|1|34938785|1|(1)|.000|34938785|0|0|0|(1)|empty
6423927512735897796|482555343|2|34888648|1|(2)|.000|34888647|0|0|0|(2)|empty
6423927512735897796|482555343|3|34712467|1|(3)|.000|34712466|0|0|0|(3)|empty
6423927512735897796|482555343|4|34828760|1|(4)|.000|34828759|0|0|0|(4)|empty
6423927512735897796|482555343|5|34491719|1|(5)|.000|34491718|0|0|0|(5)|empty
6423927512735897796|482555343|6|34736144|1|(6)|.000|34736143|0|0|0|(6)|empty
6423927512735897796|482555343|7|34507736|1|(7)|.000|34507735|0|0|0|(7)|empty
6423927512735897796|482555343|8|34649794|1|(8)|.000|34649793|0|0|0|(8)|empty
6423927512735897796|482555343|9|34925555|1|(9)|.000|34925554|0|0|0|(9)|empty
6423927512735897796|482555343|10|35024439|1|(10)|.000|35024438|0|0|0|(10)|empty
6423927512735897796|482555343|11|34757034|1|(11)|.000|34757034|0|0|0|(11)|empty
6423927512735897796|482555343|12|34563444|1|(12)|.000|34563444|0|0|0|(12)|empty
6423927512735897796|482555343|13|34812047|1|(13)|.000|34812047|0|0|0|(13)|empty
6423927512735897796|482555343|14|35023046|1|(14)|.000|35023046|0|0|0|(14)|empty
6423927512735897796|482555343|15|34833634|1|(15)|.000|34833634|0|0|0|(15)|empty
6423927512735897796|482555343|16|34869149|1|(16)|.000|34869149|0|0|0|(16)|empty
6423927512735897796|482555343|17|34976389|1|(17)|.000|34976389|0|0|0|(17)|empty
6423927512735897796|482555343|18|34939482|1|(18)|.000|34939482|0|0|0|(18)|empty
6423927512735897796|482555343|19|34747285|1|(19)|.000|34747285|0|0|0|(19)|empty
6423927512735897796|482555343|20|34774443|1|(20)|.000|34774443|0|0|0|(20)|empty
6423927512735897796|482555346|0|0|0|(1)|.000|0|0|0|0|()|empty
6423927512735897796|482555346|1|14390409|6471|(6193)|2.377|11838|11141|0|0|(3343)|empty
6423927512735897796|482555346|2|1392|1|(6198)|.000|1392|0|0|0|(6198)|empty
6423927512735897796|482555346|3|15848601|7099|(12987)|2.378|11838|10445|0|0|(7759)|empty
6423927512735897796|482555346|4|15849297|7258|(19840)|2.347|11141|10445|0|0|(13099)|empty
6423927512735897796|482555346|5|15358359|6953|(26444)|2.380|11141|10445|0|0|(24859)|empty
6423927512735897796|482555346|6|3481|1|(26449)|.000|3481|0|0|0|(26449)|empty
6423927512735897796|482555346|7|15861135|7157|(33342)|2.345|11838|11141|0|0|(32275)|empty
6423927512735897796|482555346|8|12633478|5660|(38774)|2.376|10445|10445|0|0|(35917)|empty
6423927512735897796|482555346|9|6267|1|(38779)|.000|6267|0|0|0|(38779)|empty
6423927512735897796|482555346|10|15945396|7162|(45642)|2.372|11838|11838|0|0|(39229)|empty
6423927512735897796|482555346|11|15948181|7039|(52432)|2.416|12534|11141|0|0|(50995)|empty
6423927512735897796|482555346|12|15948181|7291|(59376)|2.347|10445|10445|0|0|(53089)|empty
6423927512735897796|482555346|13|15945396|7142|(66181)|2.400|13927|11838|0|0|(62779)|empty
6423927512735897796|482555346|14|15947485|7151|(73036)|2.391|12534|11141|0|0|(70447)|empty
6423927512735897796|482555346|15|15948181|7126|(79952)|2.353|11141|11141|0|0|(77269)|empty
6423927512735897796|482555346|16|15948181|7194|(86806)|2.368|11838|11141|0|0|(80233)|empty
6423927512735897796|482555346|17|15948878|7124|(93643)|2.379|11141|10445|0|0|(88975)|empty
6423927512735897796|482555346|18|15948181|7217|(100526)|2.370|12534|10445|0|0|(99565)|empty
6423927512735897796|482555346|19|15948878|7125|(107467)|2.311|10445|10445|0|0|(103471)|empty
6423927512735897796|482555346|20|14737897|6731|(113900)|2.342|11141|9749|0|0|(107659)|empty
6423927512735897796|482555346|21|3481|1|(113905)|.000|3481|0|0|0|(113905)|empty
6423927512735897796|482555346|22|15421728|6867|(120550)|2.393|11838|11141|0|0|(120349)|empty
6423927512735897796|482555346|23|15422425|7018|(127217)|2.349|11141|10445|0|0|(120565)|empty
6423927512735897796|482555346|24|15421728|6864|(133871)|2.366|11838|11141|0|0|(132487)|empty
6423927512735897796|482555346|25|15420336|6789|(140467)|2.358|12534|11141|0|0|(138295)|empty
6423927512735897796|482555346|26|15421032|6891|(147125)|2.348|11141|11141|0|0|(144325)|empty
6423927512735897796|482555346|27|15422425|7096|(153916)|2.352|11141|11141|0|0|(147355)|empty
6423927512735897796|482555346|28|15419639|7014|(160595)|2.326|11141|11141|0|0|(156979)|empty
6423927512735897796|482555346|29|15421728|6801|(167173)|2.391|10445|10445|0|0|(162289)|empty
6423927512735897796|482555346|30|15421728|6906|(173791)|2.357|10445|10445|0|0|(170359)|empty
6423927512735897796|482555346|31|15422425|6893|(180406)|2.386|11838|11141|0|0|(179971)|empty
6423927512735897796|482555346|32|15421031|6980|(187054)|2.372|13927|10445|0|0|(182335)|empty
6423927512735897796|482555346|33|15417549|6972|(193709)|2.366|12534|11838|0|0|(192445)|empty
6423927512735897796|482555346|34|15422424|7011|(200366)|2.379|10445|10445|0|0|(198211)|empty
6423927512735897796|482555346|35|15421727|7004|(206996)|2.376|12534|10445|0|0|(201979)|empty
6423927512735897796|482555346|36|9306239|4199|(211052)|2.310|9052|9052|0|0|(207091)|empty
6423927512735897796|482555346|37|4874|1|(211057)|.000|4874|0|0|0|(211057)|empty
6423927512735897796|482555346|38|15893864|7074|(217896)|2.318|11141|11141|0|0|(211489)|empty
6423927512735897796|482555346|39|15893864|7227|(224812)|2.329|10445|9749|0|0|(223357)|empty
6423927512735897796|482555346|40|15890382|7095|(231642)|2.445|11838|11141|0|0|(228727)|empty
6423927512735897796|482555346|41|15892471|7082|(238465)|2.355|11838|11141|0|0|(235525)|empty
6423927512735897796|482555346|42|15889685|7131|(245334)|2.374|11141|11141|0|0|(240625)|empty
6423927512735897796|482555346|43|15894560|7164|(252208)|2.367|11838|11141|0|0|(248107)|empty
6423927512735897796|482555346|44|15894560|7144|(259078)|2.370|11838|11838|0|0|(253705)|empty
6423927512735897796|482555346|45|15894560|7106|(265923)|2.374|9749|9749|0|0|(260047)|empty
6423927512735897796|482555346|46|15894560|7193|(272822)|2.338|10445|9749|0|0|(272515)|empty
6423927512735897796|482555346|47|15893167|7067|(279606)|2.389|11141|11141|0|0|(274339)|empty
6423927512735897796|482555346|48|15895256|7130|(286457)|2.376|13230|10445|0|0|(280003)|empty
6423927512735897796|482555346|49|15894560|6920|(293169)|2.377|11141|10445|0|0|(289519)|empty
6423927512735897796|482555346|50|15898738|7117|(299999)|2.375|11141|11141|0|0|(294805)|empty
6423927512735897796|482555353|0|0|0|(2450815)|.000|0|0|0|0|()|empty
6423927512735897796|482555353|1|12059592|4|(2450836)|70.807|3082584|3019248|0|0|(2450829)|empty
6423927512735897796|482555353|2|12125016|4|(2450864)|85.403|3113904|3060312|0|0|(2450864)|empty
6423927512735897796|482555353|3|11969112|4|(2450892)|40.270|3026208|3007416|0|0|(2450878)|empty
6423927512735897796|482555353|4|11934312|4|(2450920)|35.329|3014376|2997672|0|0|(2450913)|empty
6423927512735897796|482555353|5|11976072|4|(2450948)|46.671|3038040|3006720|0|0|(2450948)|empty
6423927512735897796|482555353|6|12095088|4|(2450976)|38.213|3068664|3016464|0|0|(2450976)|empty
6423927512735897796|482555353|7|12001128|4|(2451004)|49.911|3048480|3003240|0|0|(2450990)|empty
6423927512735897796|482555353|8|12085344|4|(2451032)|43.145|3062400|3031080|0|0|(2451025)|empty
6423927512735897796|482555353|9|12108312|4|(2451060)|54.504|3090936|3015072|0|0|(2451060)|empty
6423927512735897796|482555353|10|12042192|4|(2451088)|34.572|3042912|3024120|0|0|(2451088)|empty
6423927512735897796|482555353|11|15016200|5|(2451123)|58.848|3067968|3020640|0|0|(2451095)|empty
6423927512735897796|482555353|12|15007152|5|(2451158)|70.565|3054048|3044304|0|0|(2451144)|empty
6423927512735897796|482555353|13|14988360|5|(2451193)|60.821|3038736|3027600|0|0|(2451186)|empty
6423927512735897796|482555353|14|15069096|5|(2451228)|80.777|3070056|3062400|0|0|(2451207)|empty
6423927512735897796|482555353|15|14865168|5|(2451263)|65.828|3028992|3006024|0|0|(2451235)|empty
6423927512735897796|482555353|16|14945904|5|(2451298)|69.743|3041520|3032472|0|0|(2451270)|empty
6423927512735897796|482555353|17|15138696|5|(2451333)|33.611|3051264|3047088|0|0|(2451319)|empty
6423927512735897796|482555353|18|15043344|5|(2451368)|45.875|3069360|3005328|0|0|(2451368)|empty
6423927512735897796|482555353|19|15054480|5|(2451403)|36.193|3044304|3024120|0|0|(2451396)|empty
6423927512735897796|482555353|20|6048936|2|(2451417)|17.500|3036648|3012288|0|0|(2451410)|empty
6423927512735897796|482555353|21|1482480|1|(2451522)|.000|1482480|0|0|0|(2451522)|empty
6423927512735897796|482555353|22|15009936|5|(2451557)|38.762|3032472|3017160|0|0|(2451536)|empty
6423927512735897796|482555353|23|14973744|5|(2451592)|102.104|3072144|3067968|0|0|(2451571)|empty
6423927512735897796|482555353|24|15105984|5|(2451627)|14.905|3035256|3024816|0|0|(2451627)|empty
6423927512735897796|482555353|25|14853336|5|(2451662)|73.608|3060312|2990016|0|0|(2451641)|empty
6423927512735897796|482555353|26|15206904|5|(2451697)|43.457|3069360|3067272|0|0|(2451669)|empty
6423927512735897796|482555353|27|14963304|5|(2451732)|32.829|3020640|3019248|0|0|(2451725)|empty
6423927512735897796|482555353|28|14951472|5|(2451767)|53.816|3047088|3019944|0|0|(2451767)|empty
6423927512735897796|482555353|29|14935464|5|(2451802)|75.914|3081192|2994192|0|0|(2451774)|empty
6423927512735897796|482555353|30|15109464|5|(2451837)|30.954|3051264|3042216|0|0|(2451837)|empty
6423927512735897796|482555353|31|15093456|5|(2451872)|72.931|3106944|3028992|0|0|(2451844)|empty
6423927512735897796|482555353|32|14941728|5|(2451907)|53.716|3021336|3021336|0|0|(2451886)|empty
6423927512735897796|482555353|33|15140088|5|(2451942)|84.127|3093024|3091632|0|0|(2451914)|empty
6423927512735897796|482555353|34|14962608|5|(2451977)|58.002|3049176|3019944|0|0|(2451963)|empty
6423927512735897796|482555353|35|15059352|5|(2452012)|31.097|3034560|3034560|0|0|(2451984)|empty
6423927512735897796|482555353|36|14941032|5|(2452047)|37.547|3031080|3001152|0|0|(2452033)|empty
6423927512735897796|482555353|37|11953800|4|(2452075)|33.431|3019944|2998368|0|0|(2452075)|empty
6423927512735897796|482555353|38|14587464|5|(2452110)|165.608|2990712|2983752|0|0|(2452096)|empty
6423927512735897796|482555353|39|7484784|3|(2452131)|1030.562|3030384|2973312|0|0|(2452117)|empty
6423927512735897796|482555353|40|3054048|1|(2452236)|.000|3054048|0|0|0|(2452236)|empty
6423927512735897796|482555353|41|12056808|4|(2452264)|31.147|3046392|3021336|0|0|(2452243)|empty
6423927512735897796|482555353|42|11925264|4|(2452292)|52.060|3019944|3011592|0|0|(2452292)|empty
6423927512735897796|482555353|43|11867496|4|(2452320)|72.647|3015768|3012288|0|0|(2452320)|empty
6423927512735897796|482555353|44|14872128|5|(2452355)|83.339|3040824|3006720|0|0|(2452341)|empty
6423927512735897796|482555353|45|14980008|5|(2452390)|21.406|3024816|2994192|0|0|(2452390)|empty
6423927512735897796|482555353|46|12028968|4|(2452418)|75.734|3062400|3055440|0|0|(2452404)|empty
6423927512735897796|482555353|47|15051000|5|(2452453)|28.206|3032472|3031080|0|0|(2452425)|empty
6423927512735897796|482555353|48|14936856|5|(2452488)|34.844|3015768|3008808|0|0|(2452488)|empty
6423927512735897796|482555353|49|14913192|5|(2452523)|109.165|3096504|3029688|0|0|(2452502)|empty
6423927512735897796|482555353|50|11981640|4|(2452551)|21.416|3014376|3003936|0|0|(2452544)|empty
6423927512735897796|482555353|51|11912736|4|(2452579)|49.553|3037344|2964264|0|0|(2452579)|empty
6423927512735897796|482555353|52|9032688|3|(2452600)|47.588|3047088|3018552|0|0|(2452586)|empty
6423927512735897796|482555353|53|15057264|5|(2452635)|28.280|3042216|3024120|0|0|(2452621)|empty
6423927512735897796|482555356|0|0|0|(1,1)|.000|0|0|0|0|()|empty
6423927512735897796|482555356|1|696000000|903875|(20,299999)|.333|4874|4178|0|0|(14,12541)|empty
