6423927512735920956|600973117|0|19|1|48|277920157|2000|2016-08-16 15:05:23|(2450820)|(2452822)|0001-01-01 00:00:00|0|0|35|35|1.72716944223484064E-002|M|0|-1|0|0|empty|empty
6423927512735920956|600973120|0|18|1|48|277920157|620170|2016-08-16 15:04:31|(5.2999997E-001)|(9.3053896E+003)|0001-01-01 00:00:00|0|0|13|35|7.68268106032754816E-003|M|0|-1|0|0|empty|empty
6423927512735920956|600973127|0|17|1|51|277920157|530890|2016-08-16 14:34:15|(0.0000000E+000)|(1.2972799E+004)|0001-01-01 00:00:00|0|0|2|35|5.25385821800587584E-003|M|0|-1|0|0|empty|empty
6423927512735920956|600973131|0|16|1|51|277920157|490903|2016-08-17 02:40:26|(0.0000000E+000)|(1.3332679E+004)|0001-01-01 00:00:00|0|0|8|35|4.97448668979393536E-003|M|0|-1|0|0|empty|empty
6423927512735920956|600973137|0|15|1|51|277920157|584672|2016-08-16 14:34:15|(0.0000000E+000)|(1.6621730E+004)|0001-01-01 00:00:00|0|0|2|35|4.65378815839947008E-002|M|0|-1|0|0|empty|empty
6423927512735920956|600973140|0|14|1|59|277920157|266149|2016-08-16 14:34:15|(0.0000000E+000)|(9.1771699E+003)|0001-01-01 00:00:00|0|0|2|35|7.98892759833675776E-001|M|0|-1|0|0|empty|empty
6423927512735920956|600973147|0|13|1|49|277920157|9952|2016-08-16 14:34:15|(5.0000000E-001)|(1.0000000E+002)|0001-01-01 00:00:00|0|0|2|35|3.99396136837005632E-004|M|0|-1|0|0|empty|empty
6423927512735920956|600973150|0|12|1|56|277920157|868155|2016-08-16 14:34:15|(0.0000000E+000)|(1.9169230E+004)|0001-01-01 00:00:00|0|0|2|35|1.34896769594676960E-001|M|0|-1|0|0|empty|empty
6423927512735920956|600973157|0|11|1|49|277920157|74823|2016-08-16 14:34:15|(0.0000000E+000)|(1.4589499E+003)|0001-01-01 00:00:00|0|0|2|35|1.29682656888051920E-002|M|0|-1|0|0|empty|empty
6423927512735920956|600973160|0|10|1|57|277920157|480130|2016-08-16 15:07:10|(0.0000000E+000)|(1.8429880E+004)|0001-01-01 00:00:00|0|0|12|35|7.04448522179375872E-001|M|0|-1|0|0|empty|empty
6423927512735920956|600973167|0|9|1|66|277920157|101|2016-08-16 15:07:10|(1)|(100)|0001-01-01 00:00:00|0|0|12|35|4.32237831714137344E-003|M|0|-1|0|0|empty|empty
6423927512735920956|600973170|0|8|1|27|277920157|135523802|2016-08-16 15:09:43|(21)|(239999076)|0001-01-01 00:00:00|0|0|25|35|1.46033817844126720E-003|M|0|-1|0|0|empty|empty
6423927512735920956|600973177|0|7|1|66|277920157|66|2016-08-16 15:02:53|(1)|(65)|0001-01-01 00:00:00|0|0|25|35|0.00000000000000000E+000|M|0|-1|0|0|empty|empty
6423927512735920956|600973181|0|6|1|49|277920157|502|2016-08-17 02:40:26|(1)|(1000)|0001-01-01 00:00:00|0|0|8|35|5.62844654460187328E-005|M|0|-1|0|0|empty|empty
6423927512735920956|600973187|0|5|1|27|277920157|5874437|2016-08-16 14:34:15|(3)|(5999997)|0001-01-01 00:00:00|0|0|2|35|9.58175542626765696E-003|M|0|-1|0|0|empty|empty
6423927512735920956|600973190|0|4|1|49|277920157|7201|2016-08-16 14:34:15|(1)|(7200)|0001-01-01 00:00:00|0|0|2|35|4.12721832109834880E-004|M|0|-1|0|0|empty|empty
6423927512735920956|600973197|0|3|1|44|277920157|1922344|2016-08-16 14:55:56|(1)|(1920800)|0001-01-01 00:00:00|0|0|28|35|4.08968205738803392E-003|M|0|-1|0|0|empty|empty
6423927512735920956|600973201|0|2|1|19|277920157|11353559|2016-08-17 02:40:26|(1)|(11999978)|0001-01-01 00:00:00|0|0|9|35|3.49768482162713728E-003|M|0|-1|0|0|empty|empty
6423927512735920956|600973207|0|1|1|53|277920157|305281|2016-08-16 15:01:06|(1)|(300000)|0001-01-01 00:00:00|0|0|16|35|1.91519660172291040E-001|M|0|-1|0|0|empty|empty
6423927512735920956|600973210|0|0|1|49|277920157|32402|2016-08-16 14:34:15|(28799)|(61199)|0001-01-01 00:00:00|0|0|2|35|7.81043319756605184E-004|M|0|-1|0|0|empty|empty
6423927512735920956|600973217|0|6|2|1|277920157|981558|2016-08-16 14:57:40|(1,2)|(1000,11999996)|0001-01-01 00:00:00|0|0|13|35|7.93084460491324416E+001|M|0|-1|0|0|empty|empty
6423927512735920956|600973217|1|2|2|1|277920157|981558|2016-08-16 14:57:40|(1,2)|(1000,11999996)|0001-01-01 00:00:00|0|0|13|35|7.93084460491324416E+001|M|0|-1|0|0|empty|empty
6423927512735920956|600973220|0|2|2|1|277920157|999279|2016-08-16 14:59:19|(10,1)|(11999998,300000)|0001-01-01 00:00:00|0|0|14|35|0.00000000000000000E+000|M|0|-1|0|0|empty|empty
6423927512735920956|600973220|1|1|2|1|277920157|999279|2016-08-16 14:59:19|(10,1)|(11999998,300000)|0001-01-01 00:00:00|0|0|14|35|0.00000000000000000E+000|M|0|-1|0|0|empty|empty
6423927512735920956|600973227|0|8|3|1|277920157|277920157|2016-08-16 15:00:12|(176,14,1)|(239999519,11999998,299999)|0001-01-01 00:00:00|0|0|9|35|0.00000000000000000E+000|M|0|-1|0|0|empty|empty
6423927512735920956|600973227|1|2|3|1|277920157|277920157|2016-08-16 15:00:12|(176,14,1)|(239999519,11999998,299999)|0001-01-01 00:00:00|0|0|9|35|0.00000000000000000E+000|M|0|-1|0|0|empty|empty
6423927512735920956|600973227|2|1|3|1|277920157|277920157|2016-08-16 15:00:12|(176,14,1)|(239999519,11999998,299999)|0001-01-01 00:00:00|0|0|9|35|0.00000000000000000E+000|M|0|-1|0|0|empty|empty
6423927512735920956|600973230|0|8|2|1|277920157|277920157|2016-08-16 15:01:06|(712,1)|(239999596,300000)|0001-01-01 00:00:00|0|0|15|35|0.00000000000000000E+000|M|0|-1|0|0|empty|empty
6423927512735920956|600973230|1|1|2|1|277920157|277920157|2016-08-16 15:01:06|(712,1)|(239999596,300000)|0001-01-01 00:00:00|0|0|15|35|0.00000000000000000E+000|M|0|-1|0|0|empty|empty
6423927512735920956|600973237|0|18|2|1|277920157|987349|2016-08-16 15:04:31|(5.2999997E-001,0.0000000E+000)|(9.3053896E+003,1.7482140E+004)|0001-01-01 00:00:00|0|0|13|35|8.29882290717130880E+001|M|0|-1|0|0|empty|empty
6423927512735920956|600973237|1|10|2|1|277920157|987349|2016-08-16 15:04:31|(5.2999997E-001,0.0000000E+000)|(9.3053896E+003,1.7482140E+004)|0001-01-01 00:00:00|0|0|13|35|8.29882290717130880E+001|M|0|-1|0|0|empty|empty
6423927512735920956|600973240|0|10|2|1|277920157|495711|2016-08-16 15:07:10|(0.0000000E+000,1)|(1.8429880E+004,100)|0001-01-01 00:00:00|0|0|12|35|3.94180284549354560E+001|M|0|-1|0|0|empty|empty
6423927512735920956|600973240|1|9|2|1|277920157|495711|2016-08-16 15:07:10|(0.0000000E+000,1)|(1.8429880E+004,100)|0001-01-01 00:00:00|0|0|12|35|3.94180284549354560E+001|M|0|-1|0|0|empty|empty
6423927512735920956|600973245|0|16|3|1|277920157|990980|2016-08-17 02:40:26|(0.0000000E+000,1,1)|(1.3332679E+004,1000,11999978)|0001-01-01 00:00:00|0|0|8|35|1.80453177509060928E+001|M|0|-1|0|0|empty|empty
6423927512735920956|600973245|1|6|3|1|277920157|990980|2016-08-17 02:40:26|(0.0000000E+000,1,1)|(1.3332679E+004,1000,11999978)|0001-01-01 00:00:00|0|0|8|35|1.80453177509060928E+001|M|0|-1|0|0|empty|empty
6423927512735920956|600973245|2|2|3|1|277920157|990980|2016-08-17 02:40:26|(0.0000000E+000,1,1)|(1.3332679E+004,1000,11999978)|0001-01-01 00:00:00|0|0|8|35|1.80453177509060928E+001|M|0|-1|0|0|empty|empty
