4678783790911080440|562525614|0|22|1|48|2750387156|1822|2016-08-25 04:50:09|(2450816)|(2452642)|0001-01-01 00:00:00|0|0|7|3|4.20204440133739072E-002|M|0|-1|0|0|empty|empty
4678783790911080440|562525619|0|21|1|56|2750387156|2113335|2016-08-25 05:09:10|(-9.9450000E+003)|(9.1270000E+003)|0001-01-01 00:00:00|0|0|25|3|6.77303759989749888E-001|M|0|-1|0|0|empty|empty
4678783790911080440|562525624|0|20|1|59|2750387156|1524133|2016-08-25 04:50:09|(0.0000000E+000)|(2.0907289E+004)|0001-01-01 00:00:00|0|0|7|3|1.21316714126615024E-001|M|0|-1|0|0|empty|empty
4678783790911080440|562525629|0|19|1|57|2750387156|1439450|2016-08-25 04:50:09|(0.0000000E+000)|(1.9181000E+004)|0001-01-01 00:00:00|0|0|7|3|7.40911584633005696E-001|M|0|-1|0|0|empty|empty
4678783790911080440|562525634|0|18|1|12|2750387156|646794|2016-08-25 04:50:09|(0.0000000E+000)|(1.5871559E+004)|0001-01-01 00:00:00|0|0|7|3|4.84763626327268608E-002|M|0|-1|0|0|empty|empty
4678783790911080440|562525639|0|17|1|50|2750387156|145894|2016-08-25 04:50:09|(0.0000000E+000)|(1.7262900E+003)|0001-01-01 00:00:00|0|0|7|3|1.40153947625613280E-002|M|0|-1|0|0|empty|empty
4678783790911080440|562525644|0|16|1|58|2750387156|1623794|2016-08-25 04:50:09|(1.1399999E+000)|(1.9850000E+004)|0001-01-01 00:00:00|0|0|7|3|5.53496074368372928E-001|M|0|-1|0|0|empty|empty
4678783790911080440|562525649|0|15|1|60|2750387156|741628|2016-08-25 04:50:09|(1.0000000E+000)|(1.0000000E+004)|0001-01-01 00:00:00|0|0|7|3|5.98367143116436736E-001|M|0|-1|0|0|empty|empty
4678783790911080440|562525655|0|14|1|57|2750387156|1156781|2016-08-25 05:09:10|(0.0000000E+000)|(1.8941000E+004)|0001-01-01 00:00:00|0|0|25|3|7.86738594983502208E-001|M|0|-1|0|0|empty|empty
4678783790911080440|562525659|0|13|1|12|2750387156|646794|2016-08-25 04:50:09|(0.0000000E+000)|(1.5871559E+004)|0001-01-01 00:00:00|0|0|7|3|4.84763626327268608E-002|M|0|-1|0|0|empty|empty
4678783790911080440|562525664|0|12|1|59|2750387156|61088|2016-08-25 04:50:09|(0.0000000E+000)|(1.9788000E+002)|0001-01-01 00:00:00|0|0|7|3|1.05159104196616896E-002|M|0|-1|0|0|empty|empty
4678783790911080440|562525668|0|11|1|57|2750387156|19864|2016-08-25 05:07:47|(1.0099999E+000)|(2.0000000E+002)|0001-01-01 00:00:00|0|0|28|3|1.83386559135788672E-002|M|0|-1|0|0|empty|empty
4678783790911080440|562525674|0|10|1|48|2750387156|9902|2016-08-25 04:50:09|(1.0000000E+000)|(1.0000000E+002)|0001-01-01 00:00:00|0|0|7|3|2.90215806364547520E-004|M|0|-1|0|0|empty|empty
4678783790911080440|562525679|0|9|1|79|2750387156|101|2016-08-25 05:07:47|(1)|(100)|0001-01-01 00:00:00|0|0|28|3|0.00000000000000000E+000|M|0|-1|0|0|empty|empty
4678783790911080440|562525684|0|8|1|25|2750387156|228460643|2016-08-25 05:12:17|(457)|(239999809)|0001-01-01 00:00:00|0|0|28|3|1.30788833087594880E-003|M|0|-1|0|0|empty|empty
4678783790911080440|562525689|0|7|1|48|2750387156|1501|2016-08-25 04:50:09|(1)|(1500)|0001-01-01 00:00:00|0|0|7|3|8.37580726084535040E-005|M|0|-1|0|0|empty|empty
4678783790911080440|562525694|0|6|1|49|2750387156|502|2016-08-25 05:13:38|(1)|(1000)|0001-01-01 00:00:00|0|0|28|3|7.81909217923889152E-005|M|0|-1|0|0|empty|empty
4678783790911080440|562525698|0|5|1|22|2750387156|6000016|2016-08-25 05:10:51|(2)|(5999981)|0001-01-01 00:00:00|0|0|20|3|1.81148374402758272E-003|M|0|-1|0|0|empty|empty
4678783790911080440|562525704|0|4|1|48|2750387156|7201|2016-08-25 04:50:09|(1)|(7200)|0001-01-01 00:00:00|0|0|7|3|2.58686412784457600E-004|M|0|-1|0|0|empty|empty
4678783790911080440|562525709|0|3|1|50|2750387156|2028179|2016-08-25 04:50:09|(1)|(1920793)|0001-01-01 00:00:00|0|0|7|3|5.86799698198740096E-003|M|0|-1|0|0|empty|empty
4678783790911080440|562525714|0|2|1|33|2750387156|11643529|2016-08-25 05:12:17|(1)|(11999992)|0001-01-01 00:00:00|0|0|28|3|8.84733449417576832E-003|M|0|-1|0|0|empty|empty
4678783790911080440|562525719|0|1|1|56|2750387156|343547|2016-08-25 05:13:38|(1)|(300000)|0001-01-01 00:00:00|0|0|28|3|1.86979955794113056E-001|M|0|-1|0|0|empty|empty
4678783790911080440|562525724|0|0|1|48|2750387156|46803|2016-08-25 04:50:09|(28800)|(75599)|0001-01-01 00:00:00|0|0|7|3|1.12746676686006960E-002|M|0|-1|0|0|empty|empty
4678783790911080440|562525729|0|21|2|1|2750387156|986132|2016-08-25 04:58:49|(-9.9550000E+003,0.0000000E+000)|(9.7841699E+003,1.9667339E+004)|0001-01-01 00:00:00|0|0|67|3|1.36845919119084016E+002|M|0|-1|0|0|empty|empty
4678783790911080440|562525729|1|14|2|1|2750387156|986132|2016-08-25 04:58:49|(-9.9550000E+003,0.0000000E+000)|(9.7841699E+003,1.9667339E+004)|0001-01-01 00:00:00|0|0|67|3|1.36845919119084016E+002|M|0|-1|0|0|empty|empty
4678783790911080440|562525734|0|2|2|1|2750387156|998904|2016-08-25 05:01:45|(33,1)|(11999992,300000)|0001-01-01 00:00:00|0|0|30|3|0.00000000000000000E+000|M|0|-1|0|0|empty|empty
4678783790911080440|562525734|1|1|2|1|2750387156|998904|2016-08-25 05:01:45|(33,1)|(11999992,300000)|0001-01-01 00:00:00|0|0|30|3|0.00000000000000000E+000|M|0|-1|0|0|empty|empty
4678783790911080440|562525739|0|8|3|1|2750387156|2750387156|2016-08-25 05:03:13|(415,3,1)|(239999937,11999978,300000)|0001-01-01 00:00:00|0|0|21|3|0.00000000000000000E+000|M|0|-1|0|0|empty|empty
4678783790911080440|562525739|1|2|3|1|2750387156|2750387156|2016-08-25 05:03:13|(415,3,1)|(239999937,11999978,300000)|0001-01-01 00:00:00|0|0|21|3|0.00000000000000000E+000|M|0|-1|0|0|empty|empty
4678783790911080440|562525739|2|1|3|1|2750387156|2750387156|2016-08-25 05:03:13|(415,3,1)|(239999937,11999978,300000)|0001-01-01 00:00:00|0|0|21|3|0.00000000000000000E+000|M|0|-1|0|0|empty|empty
4678783790911080440|562525744|0|8|2|1|2750387156|2750387156|2016-08-25 05:04:48|(124,1)|(239999668,300000)|0001-01-01 00:00:00|0|0|29|3|0.00000000000000000E+000|M|0|-1|0|0|empty|empty
4678783790911080440|562525744|1|1|2|1|2750387156|2750387156|2016-08-25 05:04:48|(124,1)|(239999668,300000)|0001-01-01 00:00:00|0|0|29|3|0.00000000000000000E+000|M|0|-1|0|0|empty|empty
4678783790911080440|562525749|0|14|2|1|2750387156|597809|2016-08-25 05:06:18|(0.0000000E+000,1)|(1.9596080E+004,100)|0001-01-01 00:00:00|0|0|29|3|8.04370114292369792E+001|M|0|-1|0|0|empty|empty
4678783790911080440|562525749|1|9|2|1|2750387156|597809|2016-08-25 05:06:18|(0.0000000E+000,1)|(1.9596080E+004,100)|0001-01-01 00:00:00|0|0|29|3|8.04370114292369792E+001|M|0|-1|0|0|empty|empty
4678783790911080440|562525754|0|11|2|1|2750387156|735913|2016-08-25 05:07:47|(1.0099999E+000,1)|(2.0000000E+002,100)|0001-01-01 00:00:00|0|0|28|3|1.01661500928502208E+002|M|0|-1|0|0|empty|empty
4678783790911080440|562525754|1|9|2|1|2750387156|735913|2016-08-25 05:07:47|(1.0099999E+000,1)|(2.0000000E+002,100)|0001-01-01 00:00:00|0|0|28|3|1.01661500928502208E+002|M|0|-1|0|0|empty|empty
4678783790911080440|562525759|0|21|3|1|2750387156|987915|2016-08-25 05:09:10|(-9.9450000E+003,0.0000000E+000,1)|(9.1270000E+003,1.8941000E+004,1000)|0001-01-01 00:00:00|0|0|25|3|3.14891857107312064E+001|M|0|-1|0|0|empty|empty
4678783790911080440|562525759|1|14|3|1|2750387156|987915|2016-08-25 05:09:10|(-9.9450000E+003,0.0000000E+000,1)|(9.1270000E+003,1.8941000E+004,1000)|0001-01-01 00:00:00|0|0|25|3|3.14891857107312064E+001|M|0|-1|0|0|empty|empty
4678783790911080440|562525759|2|6|3|1|2750387156|987915|2016-08-25 05:09:10|(-9.9450000E+003,0.0000000E+000,1)|(9.1270000E+003,1.8941000E+004,1000)|0001-01-01 00:00:00|0|0|25|3|3.14891857107312064E+001|M|0|-1|0|0|empty|empty
4678783790911080440|562525764|0|8|3|1|2750387156|998148|2016-08-25 05:10:51|(641,2,21)|(239999863,5999981,11999970)|0001-01-01 00:00:00|0|0|20|3|0.00000000000000000E+000|M|0|-1|0|0|empty|empty
4678783790911080440|562525764|1|5|3|1|2750387156|998148|2016-08-25 05:10:51|(641,2,21)|(239999863,5999981,11999970)|0001-01-01 00:00:00|0|0|20|3|0.00000000000000000E+000|M|0|-1|0|0|empty|empty
4678783790911080440|562525764|2|2|3|1|2750387156|998148|2016-08-25 05:10:51|(641,2,21)|(239999863,5999981,11999970)|0001-01-01 00:00:00|0|0|20|3|0.00000000000000000E+000|M|0|-1|0|0|empty|empty
4678783790911080440|562525769|0|8|2|1|2750387156|997547|2016-08-25 05:12:17|(457,1)|(239999809,11999992)|0001-01-01 00:00:00|0|0|28|3|0.00000000000000000E+000|M|0|-1|0|0|empty|empty
4678783790911080440|562525769|1|2|2|1|2750387156|997547|2016-08-25 05:12:17|(457,1)|(239999809,11999992)|0001-01-01 00:00:00|0|0|28|3|0.00000000000000000E+000|M|0|-1|0|0|empty|empty
4678783790911080440|562525774|0|6|2|1|2750387156|994845|2016-08-25 05:13:38|(1,1)|(1000,300000)|0001-01-01 00:00:00|0|0|28|3|0.00000000000000000E+000|M|0|-1|0|0|empty|empty
4678783790911080440|562525774|1|1|2|1|2750387156|994845|2016-08-25 05:13:38|(1,1)|(1000,300000)|0001-01-01 00:00:00|0|0|28|3|0.00000000000000000E+000|M|0|-1|0|0|empty|empty
