1896684377507636997|361896072|0|0|0|(0.0000000E+000)|.000|0|0|0|0|()|empty
1896684377507636997|361896072|1|8|1|(0.0000000E+000)|.000|8|0|0|0|(0.0000000E+000)|empty
1896684377507636997|361896072|2|4|1|(9.9999997E-003)|.000|4|0|0|0|(9.9999997E-003)|empty
1896684377507636997|361896072|3|1|1|(1.9999999E-002)|.000|1|0|0|0|(1.9999999E-002)|empty
1896684377507636997|361896072|4|1|1|(2.9999999E-002)|.000|1|0|0|0|(2.9999999E-002)|empty
1896684377507636997|361896072|5|1|1|(3.9999999E-002)|.000|1|0|0|0|(3.9999999E-002)|empty
1896684377507636997|361896072|6|2|1|(5.0000000E-002)|.000|2|0|0|0|(5.0000000E-002)|empty
1896684377507636997|361896072|7|3|1|(5.9999998E-002)|.000|3|0|0|0|(5.9999998E-002)|empty
1896684377507636997|361896072|8|4|1|(7.0000000E-002)|.000|4|0|0|0|(7.0000000E-002)|empty
1896684377507636997|361896072|9|3|1|(7.9999998E-002)|.000|3|0|0|0|(7.9999998E-002)|empty
1896684377507636997|361896072|10|2|1|(9.0000003E-002)|.000|2|0|0|0|(9.0000003E-002)|empty
1896684377507636997|361896072|11|9|1|(1.0999999E-001)|.000|9|0|0|0|(1.0999999E-001)|empty
1896684377507636997|361896072|12|4|1|(1.1999999E-001)|.000|4|0|0|0|(1.1999999E-001)|empty
1896684377507636997|361896077|0|0|0|(-8.0000000E+000)|.000|0|0|0|0|()|empty
1896684377507636997|361896077|1|1|1|(-8.0000000E+000)|.000|1|0|0|0|(-8.0000000E+000)|empty
1896684377507636997|361896077|2|1|1|(-7.0000000E+000)|.000|1|0|0|0|(-7.0000000E+000)|empty
1896684377507636997|361896077|3|11|1|(-6.0000000E+000)|.000|11|0|0|0|(-6.0000000E+000)|empty
1896684377507636997|361896077|4|29|1|(-5.0000000E+000)|.000|29|0|0|0|(-5.0000000E+000)|empty
1896684377507636997|361896082|0|0|0|('United States')|.000|0|0|0|0|()|empty
1896684377507636997|361896082|1|42|1|('United States')|.000|42|0|0|0|('United States')|empty
1896684377507636997|361896087|0|0|0|('18605')|.000|0|0|0|0|()|empty
1896684377507636997|361896087|1|6|1|('18605')|.000|6|0|0|0|('18605')|empty
1896684377507636997|361896087|2|2|1|('25709')|.000|2|0|0|0|('25709')|empty
1896684377507636997|361896087|3|2|1|('26534')|.000|2|0|0|0|('26534')|empty
1896684377507636997|361896087|4|2|1|('28482')|.000|2|0|0|0|('28482')|empty
1896684377507636997|361896087|5|6|1|('33451')|.000|6|0|0|0|('33451')|empty
1896684377507636997|361896087|6|3|1|('33951')|.000|3|0|0|0|('33951')|empty
1896684377507636997|361896087|7|1|1|('36787')|.000|1|0|0|0|('36787')|empty
1896684377507636997|361896087|8|1|1|('38828')|.000|1|0|0|0|('38828')|empty
1896684377507636997|361896087|9|2|1|('39275')|.000|2|0|0|0|('39275')|empty
1896684377507636997|361896087|10|3|1|('41933')|.000|3|0|0|0|('41933')|empty
1896684377507636997|361896087|11|1|1|('47057')|.000|1|0|0|0|('47057')|empty
1896684377507636997|361896087|12|1|1|('53951')|.000|1|0|0|0|('53951')|empty
1896684377507636997|361896087|13|2|1|('70411')|.000|2|0|0|0|('70411')|empty
1896684377507636997|361896087|14|1|1|('73951')|.000|1|0|0|0|('73951')|empty
1896684377507636997|361896087|15|2|1|('74136')|.000|2|0|0|0|('74136')|empty
1896684377507636997|361896087|16|2|1|('74536')|.000|2|0|0|0|('74536')|empty
1896684377507636997|361896087|17|3|1|('74593')|.000|3|0|0|0|('74593')|empty
1896684377507636997|361896087|18|1|1|('85804')|.000|1|0|0|0|('85804')|empty
1896684377507636997|361896087|19|1|1|('98048')|.000|1|0|0|0|('98048')|empty
1896684377507636997|361896092|0|0|0|('FL')|.000|0|0|0|0|()|empty
1896684377507636997|361896092|1|6|1|('FL')|.000|6|0|0|0|('FL')|empty
1896684377507636997|361896092|2|5|1|('GA')|.000|5|0|0|0|('GA')|empty
1896684377507636997|361896092|3|5|1|('LA')|.000|5|0|0|0|('LA')|empty
1896684377507636997|361896092|4|4|1|('MI')|.000|4|0|0|0|('MI')|empty
1896684377507636997|361896092|5|1|1|('MN')|.000|1|0|0|0|('MN')|empty
1896684377507636997|361896092|6|2|1|('NC')|.000|2|0|0|0|('NC')|empty
1896684377507636997|361896092|7|1|1|('NM')|.000|1|0|0|0|('NM')|empty
1896684377507636997|361896092|8|3|1|('NY')|.000|3|0|0|0|('NY')|empty
1896684377507636997|361896092|9|3|1|('PA')|.000|3|0|0|0|('PA')|empty
1896684377507636997|361896092|10|2|1|('SC')|.000|2|0|0|0|('SC')|empty
1896684377507636997|361896092|11|2|1|('TN')|.000|2|0|0|0|('TN')|empty
1896684377507636997|361896092|12|5|1|('TX')|.000|5|0|0|0|('TX')|empty
1896684377507636997|361896092|13|1|1|('WA')|.000|1|0|0|0|('WA')|empty
1896684377507636997|361896092|14|2|1|('WV')|.000|2|0|0|0|('WV')|empty
1896684377507636997|361896097|0|0|0|('Barrow County')|.000|0|0|0|0|()|empty
1896684377507636997|361896097|1|2|1|('Barrow County')|.000|2|0|0|0|('Barrow County')|empty
1896684377507636997|361896097|2|3|1|('Bronx County')|.000|3|0|0|0|('Bronx County')|empty
1896684377507636997|361896097|3|3|1|('Dauphin County')|.000|3|0|0|0|('Dauphin County')|empty
1896684377507636997|361896097|4|2|1|('Fairfield County')|.000|2|0|0|0|('Fairfield County')|empty
1896684377507636997|361896097|5|3|1|('Gogebic County')|.000|3|0|0|0|('Gogebic County')|empty
1896684377507636997|361896097|6|1|1|('Huron County')|.000|1|0|0|0|('Huron County')|empty
1896684377507636997|361896097|7|2|1|('Jackson County')|.000|2|0|0|0|('Jackson County')|empty
1896684377507636997|361896097|8|5|1|('Jefferson Davis Parish')|.000|5|0|0|0|('Jefferson Davis Parish')|empty
1896684377507636997|361896097|9|1|1|('Kittitas County')|.000|1|0|0|0|('Kittitas County')|empty
1896684377507636997|361896097|10|6|1|('Levy County')|.000|6|0|0|0|('Levy County')|empty
1896684377507636997|361896097|11|5|1|('Maverick County')|.000|5|0|0|0|('Maverick County')|empty
1896684377507636997|361896097|12|3|1|('Oglethorpe County')|.000|3|0|0|0|('Oglethorpe County')|empty
1896684377507636997|361896097|13|2|1|('Raleigh County')|.000|2|0|0|0|('Raleigh County')|empty
1896684377507636997|361896097|14|1|1|('San Miguel County')|.000|1|0|0|0|('San Miguel County')|empty
1896684377507636997|361896097|15|1|1|('Wadena County')|.000|1|0|0|0|('Wadena County')|empty
1896684377507636997|361896097|16|2|1|('Williamson County')|.000|2|0|0|0|('Williamson County')|empty
1896684377507636997|361896102|0|0|0|('Antioch')|.000|0|0|0|0|()|empty
1896684377507636997|361896102|1|6|1|('Antioch')|.000|6|0|0|0|('Antioch')|empty
1896684377507636997|361896102|2|2|1|('Cedar Grove')|.000|2|0|0|0|('Cedar Grove')|empty
1896684377507636997|361896102|3|2|1|('Fairview')|.000|2|0|0|0|('Fairview')|empty
1896684377507636997|361896102|4|2|1|('Friendship')|.000|2|0|0|0|('Friendship')|empty
1896684377507636997|361896102|5|1|1|('Georgetown')|.000|1|0|0|0|('Georgetown')|empty
1896684377507636997|361896102|6|5|1|('Glendale')|.000|5|0|0|0|('Glendale')|empty
1896684377507636997|361896102|7|1|1|('Greenwood')|.000|1|0|0|0|('Greenwood')|empty
1896684377507636997|361896102|8|1|1|('Harmony')|.000|1|0|0|0|('Harmony')|empty
1896684377507636997|361896102|9|2|1|('Highland Park')|.000|2|0|0|0|('Highland Park')|empty
1896684377507636997|361896102|10|6|1|('Liberty')|.000|6|0|0|0|('Liberty')|empty
1896684377507636997|361896102|11|3|1|('Mount Pleasant')|.000|3|0|0|0|('Mount Pleasant')|empty
1896684377507636997|361896102|12|2|1|('Mount Vernon')|.000|2|0|0|0|('Mount Vernon')|empty
1896684377507636997|361896102|13|3|1|('Pine Grove')|.000|3|0|0|0|('Pine Grove')|empty
1896684377507636997|361896102|14|2|1|('Pleasant Grove')|.000|2|0|0|0|('Pleasant Grove')|empty
1896684377507636997|361896102|15|1|1|('Salem')|.000|1|0|0|0|('Salem')|empty
1896684377507636997|361896102|16|2|1|('Shiloh')|.000|2|0|0|0|('Shiloh')|empty
1896684377507636997|361896102|17|1|1|('Spring Hill')|.000|1|0|0|0|('Spring Hill')|empty
1896684377507636997|361896107|0|0|0|('Suite 0')|.000|0|0|0|0|()|empty
1896684377507636997|361896107|1|1|1|('Suite 0')|.000|1|0|0|0|('Suite 0')|empty
1896684377507636997|361896107|2|3|1|('Suite 140')|.000|3|0|0|0|('Suite 140')|empty
1896684377507636997|361896107|3|3|1|('Suite 180')|.000|3|0|0|0|('Suite 180')|empty
1896684377507636997|361896107|4|1|1|('Suite 220')|.000|1|0|0|0|('Suite 220')|empty
1896684377507636997|361896107|5|1|1|('Suite 230')|.000|1|0|0|0|('Suite 230')|empty
1896684377507636997|361896107|6|1|1|('Suite 240')|.000|1|0|0|0|('Suite 240')|empty
1896684377507636997|361896107|7|2|1|('Suite 310')|.000|2|0|0|0|('Suite 310')|empty
1896684377507636997|361896107|8|1|1|('Suite 340')|.000|1|0|0|0|('Suite 340')|empty
1896684377507636997|361896107|9|2|1|('Suite 410')|.000|2|0|0|0|('Suite 410')|empty
1896684377507636997|361896107|10|1|1|('Suite 440')|.000|1|0|0|0|('Suite 440')|empty
1896684377507636997|361896107|11|2|1|('Suite 70')|.000|2|0|0|0|('Suite 70')|empty
1896684377507636997|361896107|12|6|1|('Suite B')|.000|6|0|0|0|('Suite B')|empty
1896684377507636997|361896107|13|2|1|('Suite C')|.000|2|0|0|0|('Suite C')|empty
1896684377507636997|361896107|14|3|1|('Suite G')|.000|3|0|0|0|('Suite G')|empty
1896684377507636997|361896107|15|2|1|('Suite I')|.000|2|0|0|0|('Suite I')|empty
1896684377507636997|361896107|16|3|1|('Suite M')|.000|3|0|0|0|('Suite M')|empty
1896684377507636997|361896107|17|5|1|('Suite U')|.000|5|0|0|0|('Suite U')|empty
1896684377507636997|361896107|18|3|1|('Suite W')|.000|3|0|0|0|('Suite W')|empty
1896684377507636997|361896112|0|0|0|('Avenue')|.000|0|0|0|0|()|empty
1896684377507636997|361896112|1|2|1|('Avenue')|.000|2|0|0|0|('Avenue')|empty
1896684377507636997|361896112|2|5|1|('Boulevard')|.000|5|0|0|0|('Boulevard')|empty
1896684377507636997|361896112|3|1|1|('Court')|.000|1|0|0|0|('Court')|empty
1896684377507636997|361896112|4|8|1|('Ct.')|.000|8|0|0|0|('Ct.')|empty
1896684377507636997|361896112|5|1|1|('Drive')|.000|1|0|0|0|('Drive')|empty
1896684377507636997|361896112|6|3|1|('Ln')|.000|3|0|0|0|('Ln')|empty
1896684377507636997|361896112|7|3|1|('Pkwy')|.000|3|0|0|0|('Pkwy')|empty
1896684377507636997|361896112|8|5|1|('RD')|.000|5|0|0|0|('RD')|empty
1896684377507636997|361896112|9|2|1|('Road')|.000|2|0|0|0|('Road')|empty
1896684377507636997|361896112|10|7|1|('Street')|.000|7|0|0|0|('Street')|empty
1896684377507636997|361896112|11|5|1|('Way')|.000|5|0|0|0|('Way')|empty
1896684377507636997|361896117|0|0|0|('1st')|.000|0|0|0|0|()|empty
1896684377507636997|361896117|1|3|1|('1st')|.000|3|0|0|0|('1st')|empty
1896684377507636997|361896117|2|1|1|('3rd Cedar')|.000|1|0|0|0|('3rd Cedar')|empty
1896684377507636997|361896117|3|1|1|('Ash Hill')|.000|1|0|0|0|('Ash Hill')|empty
1896684377507636997|361896117|4|1|1|('Birch Birch')|.000|1|0|0|0|('Birch Birch')|empty
1896684377507636997|361896117|5|2|1|('Cedar Elm')|.000|2|0|0|0|('Cedar Elm')|empty
1896684377507636997|361896117|6|3|1|('Center')|.000|3|0|0|0|('Center')|empty
1896684377507636997|361896117|7|2|1|('Center Hill')|.000|2|0|0|0|('Center Hill')|empty
1896684377507636997|361896117|8|1|1|('First')|.000|1|0|0|0|('First')|empty
1896684377507636997|361896117|9|1|1|('First Hill')|.000|1|0|0|0|('First Hill')|empty
1896684377507636997|361896117|10|2|1|('Hickory Sycamore')|.000|2|0|0|0|('Hickory Sycamore')|empty
1896684377507636997|361896117|11|1|1|('Hill')|.000|1|0|0|0|('Hill')|empty
1896684377507636997|361896117|12|1|1|('Jefferson Tenth')|.000|1|0|0|0|('Jefferson Tenth')|empty
1896684377507636997|361896117|13|3|1|('Lakeview 10th')|.000|3|0|0|0|('Lakeview 10th')|empty
1896684377507636997|361896117|14|2|1|('Main')|.000|2|0|0|0|('Main')|empty
1896684377507636997|361896117|15|3|1|('Pine Ridge')|.000|3|0|0|0|('Pine Ridge')|empty
1896684377507636997|361896117|16|2|1|('River')|.000|2|0|0|0|('River')|empty
1896684377507636997|361896117|17|3|1|('Smith')|.000|3|0|0|0|('Smith')|empty
1896684377507636997|361896117|18|2|1|('Sycamore')|.000|2|0|0|0|('Sycamore')|empty
1896684377507636997|361896117|19|2|1|('Third Fourth')|.000|2|0|0|0|('Third Fourth')|empty
1896684377507636997|361896117|20|3|1|('View')|.000|3|0|0|0|('View')|empty
1896684377507636997|361896117|21|3|1|('Willow')|.000|3|0|0|0|('Willow')|empty
1896684377507636997|361896122|0|0|0|('38')|.000|0|0|0|0|()|empty
1896684377507636997|361896122|1|3|1|('38')|.000|3|0|0|0|('38')|empty
1896684377507636997|361896122|2|2|1|('406')|.000|2|0|0|0|('406')|empty
1896684377507636997|361896122|3|1|1|('415')|.000|1|0|0|0|('415')|empty
1896684377507636997|361896122|4|3|1|('457')|.000|3|0|0|0|('457')|empty
1896684377507636997|361896122|5|3|1|('463')|.000|3|0|0|0|('463')|empty
1896684377507636997|361896122|6|2|1|('550')|.000|2|0|0|0|('550')|empty
1896684377507636997|361896122|7|3|1|('609')|.000|3|0|0|0|('609')|empty
1896684377507636997|361896122|8|3|1|('611')|.000|3|0|0|0|('611')|empty
1896684377507636997|361896122|9|3|1|('666')|.000|3|0|0|0|('666')|empty
1896684377507636997|361896122|10|1|1|('730')|.000|1|0|0|0|('730')|empty
1896684377507636997|361896122|11|2|1|('759')|.000|2|0|0|0|('759')|empty
1896684377507636997|361896122|12|1|1|('83')|.000|1|0|0|0|('83')|empty
1896684377507636997|361896122|13|2|1|('835')|.000|2|0|0|0|('835')|empty
1896684377507636997|361896122|14|3|1|('837')|.000|3|0|0|0|('837')|empty
1896684377507636997|361896122|15|1|1|('860')|.000|1|0|0|0|('860')|empty
1896684377507636997|361896122|16|2|1|('88')|.000|2|0|0|0|('88')|empty
1896684377507636997|361896122|17|1|1|('925')|.000|1|0|0|0|('925')|empty
1896684377507636997|361896122|18|1|1|('954')|.000|1|0|0|0|('954')|empty
1896684377507636997|361896122|19|1|1|('960')|.000|1|0|0|0|('960')|empty
1896684377507636997|361896122|20|2|1|('984')|.000|2|0|0|0|('984')|empty
1896684377507636997|361896122|21|2|1|('999')|.000|2|0|0|0|('999')|empty
1896684377507636997|361896127|0|0|0|('able')|.000|0|0|0|0|()|empty
1896684377507636997|361896127|1|4|1|('able')|.000|4|0|0|0|('able')|empty
1896684377507636997|361896127|2|10|1|('anti')|.000|10|0|0|0|('anti')|empty
1896684377507636997|361896127|3|4|1|('cally')|.000|4|0|0|0|('cally')|empty
1896684377507636997|361896127|4|8|1|('ese')|.000|8|0|0|0|('ese')|empty
1896684377507636997|361896127|5|6|1|('ought')|.000|6|0|0|0|('ought')|empty
1896684377507636997|361896127|6|10|1|('pri')|.000|10|0|0|0|('pri')|empty
1896684377507636997|361896132|0|0|0|(1)|.000|0|0|0|0|()|empty
1896684377507636997|361896132|1|6|1|(1)|.000|6|0|0|0|(1)|empty
1896684377507636997|361896132|2|5|1|(2)|.000|5|0|0|0|(2)|empty
1896684377507636997|361896132|3|10|1|(3)|.000|10|0|0|0|(3)|empty
1896684377507636997|361896132|4|5|1|(4)|.000|5|0|0|0|(4)|empty
1896684377507636997|361896132|5|11|1|(5)|.000|11|0|0|0|(5)|empty
1896684377507636997|361896132|6|5|1|(6)|.000|5|0|0|0|(6)|empty
1896684377507636997|361896137|0|0|0|('able')|.000|0|0|0|0|()|empty
1896684377507636997|361896137|1|7|1|('able')|.000|7|0|0|0|('able')|empty
1896684377507636997|361896137|2|7|1|('anti')|.000|7|0|0|0|('anti')|empty
1896684377507636997|361896137|3|7|1|('cally')|.000|7|0|0|0|('cally')|empty
1896684377507636997|361896137|4|11|1|('ese')|.000|11|0|0|0|('ese')|empty
1896684377507636997|361896137|5|5|1|('ought')|.000|5|0|0|0|('ought')|empty
1896684377507636997|361896137|6|5|1|('pri')|.000|5|0|0|0|('pri')|empty
1896684377507636997|361896142|0|0|0|(1)|.000|0|0|0|0|()|empty
1896684377507636997|361896142|1|4|1|(1)|.000|4|0|0|0|(1)|empty
1896684377507636997|361896142|2|5|1|(2)|.000|5|0|0|0|(2)|empty
1896684377507636997|361896142|3|5|1|(3)|.000|5|0|0|0|(3)|empty
1896684377507636997|361896142|4|12|1|(4)|.000|12|0|0|0|(4)|empty
1896684377507636997|361896142|5|7|1|(5)|.000|7|0|0|0|(5)|empty
1896684377507636997|361896142|6|9|1|(6)|.000|9|0|0|0|(6)|empty
1896684377507636997|361896147|0|0|0|('Cesar Allen')|.000|0|0|0|0|()|empty
1896684377507636997|361896147|1|1|1|('Cesar Allen')|.000|1|0|0|0|('Cesar Allen')|empty
1896684377507636997|361896147|2|1|1|('Charles Corbett')|.000|1|0|0|0|('Charles Corbett')|empty
1896684377507636997|361896147|3|1|1|('Daniel Weller')|.000|1|0|0|0|('Daniel Weller')|empty
1896684377507636997|361896147|4|1|1|('David Williams')|.000|1|0|0|0|('David Williams')|empty
1896684377507636997|361896147|5|2|1|('Earl Wolf')|.000|2|0|0|0|('Earl Wolf')|empty
1896684377507636997|361896147|6|1|1|('Evan Saldana')|.000|1|0|0|0|('Evan Saldana')|empty
1896684377507636997|361896147|7|1|1|('Frank Schwartz')|.000|1|0|0|0|('Frank Schwartz')|empty
1896684377507636997|361896147|8|1|1|('Frederick Weaver')|.000|1|0|0|0|('Frederick Weaver')|empty
1896684377507636997|361896147|9|2|1|('Gary Colburn')|.000|2|0|0|0|('Gary Colburn')|empty
1896684377507636997|361896147|10|1|1|('George Weaver')|.000|1|0|0|0|('George Weaver')|empty
1896684377507636997|361896147|11|2|1|('Gerald Ross')|.000|2|0|0|0|('Gerald Ross')|empty
1896684377507636997|361896147|12|2|1|('Glenn Smith')|.000|2|0|0|0|('Glenn Smith')|empty
1896684377507636997|361896147|13|2|1|('James Mcdonald')|.000|2|0|0|0|('James Mcdonald')|empty
1896684377507636997|361896147|14|1|1|('John Melendez')|.000|1|0|0|0|('John Melendez')|empty
1896684377507636997|361896147|15|1|1|('Joseph Jones')|.000|1|0|0|0|('Joseph Jones')|empty
1896684377507636997|361896147|16|1|1|('Joseph Rios')|.000|1|0|0|0|('Joseph Rios')|empty
1896684377507636997|361896147|17|2|1|('Julius Durham')|.000|2|0|0|0|('Julius Durham')|empty
1896684377507636997|361896147|18|1|1|('Julius Tran')|.000|1|0|0|0|('Julius Tran')|empty
1896684377507636997|361896147|19|1|1|('Justin Gagne')|.000|1|0|0|0|('Justin Gagne')|empty
1896684377507636997|361896147|20|1|1|('Kevin Damico')|.000|1|0|0|0|('Kevin Damico')|empty
1896684377507636997|361896147|21|1|1|('Kim Wilson')|.000|1|0|0|0|('Kim Wilson')|empty
1896684377507636997|361896147|22|1|1|('Larry Leonard')|.000|1|0|0|0|('Larry Leonard')|empty
1896684377507636997|361896147|23|1|1|('Luis Gault')|.000|1|0|0|0|('Luis Gault')|empty
1896684377507636997|361896147|24|1|1|('Mark Camp')|.000|1|0|0|0|('Mark Camp')|empty
1896684377507636997|361896147|25|1|1|('Mark Jimenez')|.000|1|0|0|0|('Mark Jimenez')|empty
1896684377507636997|361896147|26|1|1|('Matthew Clifton')|.000|1|0|0|0|('Matthew Clifton')|empty
1896684377507636997|361896147|27|1|1|('Maynard Jones')|.000|1|0|0|0|('Maynard Jones')|empty
1896684377507636997|361896147|28|1|1|('Michael Hardy')|.000|1|0|0|0|('Michael Hardy')|empty
1896684377507636997|361896147|29|1|1|('Nicolas Smith')|.000|1|0|0|0|('Nicolas Smith')|empty
1896684377507636997|361896147|30|1|1|('Paul Mccarty')|.000|1|0|0|0|('Paul Mccarty')|empty
1896684377507636997|361896147|31|1|1|('Paul Scarborough')|.000|1|0|0|0|('Paul Scarborough')|empty
1896684377507636997|361896147|32|2|1|('Peter Hernandez')|.000|2|0|0|0|('Peter Hernandez')|empty
1896684377507636997|361896147|33|1|1|('Ronald Somerville')|.000|1|0|0|0|('Ronald Somerville')|empty
1896684377507636997|361896147|34|1|1|('Tom Root')|.000|1|0|0|0|('Tom Root')|empty
1896684377507636997|361896147|35|1|1|('William Larsen')|.000|1|0|0|0|('William Larsen')|empty
1896684377507636997|361896152|0|0|0|('Arms increase controversial, p')|.000|0|0|0|0|()|empty
1896684377507636997|361896152|1|1|1|('Arms increase controversial, p')|.000|1|0|0|0|('Arms increase controversial, p')|empty
1896684377507636997|361896152|2|2|1|('As existing eyebrows miss as t')|.000|2|0|0|0|('As existing eyebrows miss as t')|empty
1896684377507636997|361896152|3|1|1|('As new governments shall focus')|.000|1|0|0|0|('As new governments shall focus')|empty
1896684377507636997|361896152|4|1|1|('Available seconds must see bes')|.000|1|0|0|0|('Available seconds must see bes')|empty
1896684377507636997|361896152|5|1|1|('Aware, logical boundaries migh')|.000|1|0|0|0|('Aware, logical boundaries migh')|empty
1896684377507636997|361896152|6|1|1|('Big spaces watch thus;')|.000|1|0|0|0|('Big spaces watch thus;')|empty
1896684377507636997|361896152|7|2|1|('Blue, due beds come. Politicia')|.000|2|0|0|0|('Blue, due beds come. Politicia')|empty
1896684377507636997|361896152|8|3|1|('Certain chairs can stand. Prin')|.000|3|0|0|0|('Certain chairs can stand. Prin')|empty
1896684377507636997|361896152|9|1|1|('Common sons occur enough. Some')|.000|1|0|0|0|('Common sons occur enough. Some')|empty
1896684377507636997|361896152|10|1|1|('Common, free creditors should')|.000|1|0|0|0|('Common, free creditors should')|empty
1896684377507636997|361896152|11|1|1|('Completely electrical names wi')|.000|1|0|0|0|('Completely electrical names wi')|empty
1896684377507636997|361896152|12|1|1|('Dangerous, inner differences')|.000|1|0|0|0|('Dangerous, inner differences')|empty
1896684377507636997|361896152|13|1|1|('Democratic developments bring')|.000|1|0|0|0|('Democratic developments bring')|empty
1896684377507636997|361896152|14|2|1|('Eyes would not arise; terms sh')|.000|2|0|0|0|('Eyes would not arise; terms sh')|empty
1896684377507636997|361896152|15|2|1|('Furthermore various areas shal')|.000|2|0|0|0|('Furthermore various areas shal')|empty
1896684377507636997|361896152|16|2|1|('Historical, alternative appeal')|.000|2|0|0|0|('Historical, alternative appeal')|empty
1896684377507636997|361896152|17|1|1|('However certain grounds may br')|.000|1|0|0|0|('However certain grounds may br')|empty
1896684377507636997|361896152|18|2|1|('Largely blank years put substa')|.000|2|0|0|0|('Largely blank years put substa')|empty
1896684377507636997|361896152|19|2|1|('More original ships')|.000|2|0|0|0|('More original ships')|empty
1896684377507636997|361896152|20|1|1|('Officially golden glasses woul')|.000|1|0|0|0|('Officially golden glasses woul')|empty
1896684377507636997|361896152|21|1|1|('Only black individuals fit reg')|.000|1|0|0|0|('Only black individuals fit reg')|empty
1896684377507636997|361896152|22|1|1|('Ordinary skills let especially')|.000|1|0|0|0|('Ordinary skills let especially')|empty
1896684377507636997|361896152|23|1|1|('Pretty new degrees could open')|.000|1|0|0|0|('Pretty new degrees could open')|empty
1896684377507636997|361896152|24|1|1|('Reduced, subsequent bases coul')|.000|1|0|0|0|('Reduced, subsequent bases coul')|empty
1896684377507636997|361896152|25|1|1|('References give dull lives. Im')|.000|1|0|0|0|('References give dull lives. Im')|empty
1896684377507636997|361896152|26|1|1|('Regular, central cells ought t')|.000|1|0|0|0|('Regular, central cells ought t')|empty
1896684377507636997|361896152|27|1|1|('Remarkable, long years gauge s')|.000|1|0|0|0|('Remarkable, long years gauge s')|empty
1896684377507636997|361896152|28|1|1|('Rich groups catch longer other')|.000|1|0|0|0|('Rich groups catch longer other')|empty
1896684377507636997|361896152|29|1|1|('Scottish goals can mention mor')|.000|1|0|0|0|('Scottish goals can mention mor')|empty
1896684377507636997|361896152|30|1|1|('Serious, electric ch')|.000|1|0|0|0|('Serious, electric ch')|empty
1896684377507636997|361896152|31|1|1|('Shared others could not count')|.000|1|0|0|0|('Shared others could not count')|empty
1896684377507636997|361896152|32|1|1|('Too good moves can go just fre')|.000|1|0|0|0|('Too good moves can go just fre')|empty
1896684377507636997|361896152|33|1|1|('Young tests could buy comforta')|.000|1|0|0|0|('Young tests could buy comforta')|empty
1896684377507636997|361896157|0|0|0|('A bit narrow forms matter anim')|.000|0|0|0|0|()|empty
1896684377507636997|361896157|1|1|1|('A bit narrow forms matter anim')|.000|1|0|0|0|('A bit narrow forms matter anim')|empty
1896684377507636997|361896157|2|1|1|('Associated, personal games joi')|.000|1|0|0|0|('Associated, personal games joi')|empty
1896684377507636997|361896157|3|1|1|('Causes write. Net tea')|.000|1|0|0|0|('Causes write. Net tea')|empty
1896684377507636997|361896157|4|2|1|('Citizens change. Paintings tra')|.000|2|0|0|0|('Citizens change. Paintings tra')|empty
1896684377507636997|361896157|5|1|1|('Civil tories allow late')|.000|1|0|0|0|('Civil tories allow late')|empty
1896684377507636997|361896157|6|2|1|('Dealers make most historical,')|.000|2|0|0|0|('Dealers make most historical,')|empty
1896684377507636997|361896157|7|2|1|('Efficient edges conclude slowl')|.000|2|0|0|0|('Efficient edges conclude slowl')|empty
1896684377507636997|361896157|8|1|1|('English aspects ought to come')|.000|1|0|0|0|('English aspects ought to come')|empty
1896684377507636997|361896157|9|1|1|('Good days ask open as suitabl')|.000|1|0|0|0|('Good days ask open as suitabl')|empty
1896684377507636997|361896157|10|1|1|('Here political cars talk me')|.000|1|0|0|0|('Here political cars talk me')|empty
1896684377507636997|361896157|11|2|1|('Here possible notions arrive o')|.000|2|0|0|0|('Here possible notions arrive o')|empty
1896684377507636997|361896157|12|1|1|('International seats w')|.000|1|0|0|0|('International seats w')|empty
1896684377507636997|361896157|13|1|1|('Japanese, low opportunities mi')|.000|1|0|0|0|('Japanese, low opportunities mi')|empty
1896684377507636997|361896157|14|1|1|('Just back responses ought')|.000|1|0|0|0|('Just back responses ought')|empty
1896684377507636997|361896157|15|1|1|('Just british times used to des')|.000|1|0|0|0|('Just british times used to des')|empty
1896684377507636997|361896157|16|2|1|('Labour characters hear very al')|.000|2|0|0|0|('Labour characters hear very al')|empty
1896684377507636997|361896157|17|1|1|('Major, formal states can suppo')|.000|1|0|0|0|('Major, formal states can suppo')|empty
1896684377507636997|361896157|18|1|1|('More than other authori')|.000|1|0|0|0|('More than other authori')|empty
1896684377507636997|361896157|19|1|1|('National, willing constraints')|.000|1|0|0|0|('National, willing constraints')|empty
1896684377507636997|361896157|20|1|1|('New shops concern on the eyes.')|.000|1|0|0|0|('New shops concern on the eyes.')|empty
1896684377507636997|361896157|21|1|1|('Only basic workers may r')|.000|1|0|0|0|('Only basic workers may r')|empty
1896684377507636997|361896157|22|1|1|('Particular, independe')|.000|1|0|0|0|('Particular, independe')|empty
1896684377507636997|361896157|23|1|1|('Professional months will leave')|.000|1|0|0|0|('Professional months will leave')|empty
1896684377507636997|361896157|24|1|1|('Psychiatric, warm interests')|.000|1|0|0|0|('Psychiatric, warm interests')|empty
1896684377507636997|361896157|25|1|1|('Relevant years would enable sl')|.000|1|0|0|0|('Relevant years would enable sl')|empty
1896684377507636997|361896157|26|1|1|('Schools let for a customers.')|.000|1|0|0|0|('Schools let for a customers.')|empty
1896684377507636997|361896157|27|1|1|('Silly particles could pro')|.000|1|0|0|0|('Silly particles could pro')|empty
1896684377507636997|361896157|28|1|1|('So physical sentences might no')|.000|1|0|0|0|('So physical sentences might no')|empty
1896684377507636997|361896157|29|1|1|('Soft, persistent goods must la')|.000|1|0|0|0|('Soft, persistent goods must la')|empty
1896684377507636997|361896157|30|1|1|('Sometimes complex thanks shall')|.000|1|0|0|0|('Sometimes complex thanks shall')|empty
1896684377507636997|361896157|31|1|1|('Strange, normal groups create')|.000|1|0|0|0|('Strange, normal groups create')|empty
1896684377507636997|361896157|32|1|1|('Successful prices ought to stu')|.000|1|0|0|0|('Successful prices ought to stu')|empty
1896684377507636997|361896157|33|1|1|('Surprised, cultural applicatio')|.000|1|0|0|0|('Surprised, cultural applicatio')|empty
1896684377507636997|361896157|34|1|1|('Written, only experience')|.000|1|0|0|0|('Written, only experience')|empty
1896684377507636997|361896157|35|1|1|('Wrong troops shall work someti')|.000|1|0|0|0|('Wrong troops shall work someti')|empty
1896684377507636997|361896157|36|2|1|('Yesterday new men can make mor')|.000|2|0|0|0|('Yesterday new men can make mor')|empty
1896684377507636997|361896162|0|0|0|(1)|.000|0|0|0|0|()|empty
1896684377507636997|361896162|1|2|1|(1)|.000|2|0|0|0|(1)|empty
1896684377507636997|361896162|2|12|1|(2)|.000|12|0|0|0|(2)|empty
1896684377507636997|361896162|3|7|1|(3)|.000|7|0|0|0|(3)|empty
1896684377507636997|361896162|4|5|1|(4)|.000|5|0|0|0|(4)|empty
1896684377507636997|361896162|5|6|1|(5)|.000|6|0|0|0|(5)|empty
1896684377507636997|361896162|6|10|1|(6)|.000|10|0|0|0|(6)|empty
1896684377507636997|361896167|0|0|0|('Alden Snyder')|.000|0|0|0|0|()|empty
1896684377507636997|361896167|1|1|1|('Alden Snyder')|.000|1|0|0|0|('Alden Snyder')|empty
1896684377507636997|361896167|2|1|1|('Andrew West')|.000|1|0|0|0|('Andrew West')|empty
1896684377507636997|361896167|3|1|1|('Bob Belcher')|.000|1|0|0|0|('Bob Belcher')|empty
1896684377507636997|361896167|4|1|1|('Charles Hinkle')|.000|1|0|0|0|('Charles Hinkle')|empty
1896684377507636997|361896167|5|1|1|('Clyde Scott')|.000|1|0|0|0|('Clyde Scott')|empty
1896684377507636997|361896167|6|1|1|('David Brown')|.000|1|0|0|0|('David Brown')|empty
1896684377507636997|361896167|7|1|1|('Dion Speer')|.000|1|0|0|0|('Dion Speer')|empty
1896684377507636997|361896167|8|3|1|('Edgar Tate')|.000|3|0|0|0|('Edgar Tate')|empty
1896684377507636997|361896167|9|1|1|('Felipe Perkins')|.000|1|0|0|0|('Felipe Perkins')|empty
1896684377507636997|361896167|10|2|1|('Gregory Altman')|.000|2|0|0|0|('Gregory Altman')|empty
1896684377507636997|361896167|11|1|1|('Jack Little')|.000|1|0|0|0|('Jack Little')|empty
1896684377507636997|361896167|12|2|1|('Jason Brito')|.000|2|0|0|0|('Jason Brito')|empty
1896684377507636997|361896167|13|2|1|('Jason Johnson')|.000|2|0|0|0|('Jason Johnson')|empty
1896684377507636997|361896167|14|3|1|('Kendall Jones')|.000|3|0|0|0|('Kendall Jones')|empty
1896684377507636997|361896167|15|3|1|('Larry Mccray')|.000|3|0|0|0|('Larry Mccray')|empty
1896684377507636997|361896167|16|1|1|('Mark Hightower')|.000|1|0|0|0|('Mark Hightower')|empty
1896684377507636997|361896167|17|1|1|('Marshall Pate')|.000|1|0|0|0|('Marshall Pate')|empty
1896684377507636997|361896167|18|2|1|('Michael Morrison')|.000|2|0|0|0|('Michael Morrison')|empty
1896684377507636997|361896167|19|2|1|('Miguel Bird')|.000|2|0|0|0|('Miguel Bird')|empty
1896684377507636997|361896167|20|1|1|('Rene Sampson')|.000|1|0|0|0|('Rene Sampson')|empty
1896684377507636997|361896167|21|1|1|('Richard James')|.000|1|0|0|0|('Richard James')|empty
1896684377507636997|361896167|22|1|1|('Roderick Walls')|.000|1|0|0|0|('Roderick Walls')|empty
1896684377507636997|361896167|23|1|1|('Ronnie Trinidad')|.000|1|0|0|0|('Ronnie Trinidad')|empty
1896684377507636997|361896167|24|1|1|('Ryan Burchett')|.000|1|0|0|0|('Ryan Burchett')|empty
1896684377507636997|361896167|25|1|1|('Shane Crews')|.000|1|0|0|0|('Shane Crews')|empty
1896684377507636997|361896167|26|1|1|('Timothy Bourgeois')|.000|1|0|0|0|('Timothy Bourgeois')|empty
1896684377507636997|361896167|27|3|1|('Travis Wilson')|.000|3|0|0|0|('Travis Wilson')|empty
1896684377507636997|361896167|28|2|1|('Wayne Ray')|.000|2|0|0|0|('Wayne Ray')|empty
1896684377507636997|361896172|0|0|0|('8AM-12AM')|.000|0|0|0|0|()|empty
1896684377507636997|361896172|1|6|1|('8AM-12AM')|.000|6|0|0|0|('8AM-12AM')|empty
1896684377507636997|361896172|2|31|1|('8AM-4PM')|.000|31|0|0|0|('8AM-4PM')|empty
1896684377507636997|361896172|3|5|1|('8AM-8AM')|.000|5|0|0|0|('8AM-8AM')|empty
1896684377507636997|361896177|0|0|0|(-1890660328)|.000|0|0|0|0|()|empty
1896684377507636997|361896177|1|1|1|(-1890660328)|.000|1|0|0|0|(-1890660328)|empty
1896684377507636997|361896177|2|1|1|(-1694677324)|.000|1|0|0|0|(-1694677324)|empty
1896684377507636997|361896177|3|2|1|(-1502238040)|.000|2|0|0|0|(-1502238040)|empty
1896684377507636997|361896177|4|1|1|(-1481431336)|.000|1|0|0|0|(-1481431336)|empty
1896684377507636997|361896177|5|1|1|(-835708383)|.000|1|0|0|0|(-835708383)|empty
1896684377507636997|361896177|6|3|1|(-133623428)|.000|3|0|0|0|(-133623428)|empty
1896684377507636997|361896177|7|1|1|(-37220638)|.000|1|0|0|0|(-37220638)|empty
1896684377507636997|361896177|8|1|1|(28988400)|.000|1|0|0|0|(28988400)|empty
1896684377507636997|361896177|9|1|1|(40519560)|.000|1|0|0|0|(40519560)|empty
1896684377507636997|361896177|10|2|1|(315225918)|.000|2|0|0|0|(315225918)|empty
1896684377507636997|361896177|11|1|1|(318192600)|.000|1|0|0|0|(318192600)|empty
1896684377507636997|361896177|12|3|1|(376595724)|.000|3|0|0|0|(376595724)|empty
1896684377507636997|361896177|13|1|1|(444714690)|.000|1|0|0|0|(444714690)|empty
1896684377507636997|361896177|14|2|1|(454880560)|.000|2|0|0|0|(454880560)|empty
1896684377507636997|361896177|15|2|1|(520870328)|.000|2|0|0|0|(520870328)|empty
1896684377507636997|361896177|16|1|1|(615838839)|.000|1|0|0|0|(615838839)|empty
1896684377507636997|361896177|17|1|1|(721934262)|.000|1|0|0|0|(721934262)|empty
1896684377507636997|361896177|18|1|1|(730681644)|.000|1|0|0|0|(730681644)|empty
1896684377507636997|361896177|19|1|1|(788450236)|.000|1|0|0|0|(788450236)|empty
1896684377507636997|361896177|20|1|1|(918197970)|.000|1|0|0|0|(918197970)|empty
1896684377507636997|361896177|21|1|1|(957590015)|.000|1|0|0|0|(957590015)|empty
1896684377507636997|361896177|22|1|1|(1065114120)|.000|1|0|0|0|(1065114120)|empty
1896684377507636997|361896177|23|1|1|(1071735600)|.000|1|0|0|0|(1071735600)|empty
1896684377507636997|361896177|24|2|1|(1160827140)|.000|2|0|0|0|(1160827140)|empty
1896684377507636997|361896177|25|1|1|(1221336816)|.000|1|0|0|0|(1221336816)|empty
1896684377507636997|361896177|26|2|1|(1792129266)|.000|2|0|0|0|(1792129266)|empty
1896684377507636997|361896177|27|1|1|(1869803208)|.000|1|0|0|0|(1869803208)|empty
1896684377507636997|361896177|28|1|1|(1882061388)|.000|1|0|0|0|(1882061388)|empty
1896684377507636997|361896177|29|1|1|(1941426970)|.000|1|0|0|0|(1941426970)|empty
1896684377507636997|361896177|30|2|1|(2051935744)|.000|2|0|0|0|(2051935744)|empty
1896684377507636997|361896177|31|1|1|(2122480316)|.000|1|0|0|0|(2122480316)|empty
1896684377507636997|361896182|0|0|0|(69020)|.000|0|0|0|0|()|empty
1896684377507636997|361896182|1|1|1|(69020)|.000|1|0|0|0|(69020)|empty
1896684377507636997|361896182|2|1|1|(146280)|.000|1|0|0|0|(146280)|empty
1896684377507636997|361896182|3|1|1|(829506)|.000|1|0|0|0|(829506)|empty
1896684377507636997|361896182|4|2|1|(919026)|.000|2|0|0|0|(919026)|empty
1896684377507636997|361896182|5|2|1|(1559492)|.000|2|0|0|0|(1559492)|empty
1896684377507636997|361896182|6|1|1|(1570618)|.000|1|0|0|0|(1570618)|empty
1896684377507636997|361896182|7|1|1|(1682935)|.000|1|0|0|0|(1682935)|empty
1896684377507636997|361896182|8|1|1|(1805979)|.000|1|0|0|0|(1805979)|empty
1896684377507636997|361896182|9|1|1|(2372343)|.000|1|0|0|0|(2372343)|empty
1896684377507636997|361896182|10|3|1|(2454180)|.000|3|0|0|0|(2454180)|empty
1896684377507636997|361896182|11|2|1|(2587578)|.000|2|0|0|0|(2587578)|empty
1896684377507636997|361896182|12|1|1|(3181926)|.000|1|0|0|0|(3181926)|empty
1896684377507636997|361896182|13|1|1|(3344710)|.000|1|0|0|0|(3344710)|empty
1896684377507636997|361896182|14|1|1|(3464898)|.000|1|0|0|0|(3464898)|empty
1896684377507636997|361896182|15|1|1|(3468400)|.000|1|0|0|0|(3468400)|empty
1896684377507636997|361896182|16|1|1|(3709927)|.000|1|0|0|0|(3709927)|empty
1896684377507636997|361896182|17|1|1|(3799270)|.000|1|0|0|0|(3799270)|empty
1896684377507636997|361896182|18|2|1|(4007687)|.000|2|0|0|0|(4007687)|empty
1896684377507636997|361896182|19|1|1|(4238877)|.000|1|0|0|0|(4238877)|empty
1896684377507636997|361896182|20|2|1|(4458033)|.000|2|0|0|0|(4458033)|empty
1896684377507636997|361896182|21|2|1|(4753392)|.000|2|0|0|0|(4753392)|empty
1896684377507636997|361896182|22|1|1|(5044088)|.000|1|0|0|0|(5044088)|empty
1896684377507636997|361896182|23|1|1|(5330137)|.000|1|0|0|0|(5330137)|empty
1896684377507636997|361896182|24|1|1|(5412266)|.000|1|0|0|0|(5412266)|empty
1896684377507636997|361896182|25|1|1|(6025832)|.000|1|0|0|0|(6025832)|empty
1896684377507636997|361896182|26|1|1|(6170035)|.000|1|0|0|0|(6170035)|empty
1896684377507636997|361896182|27|2|1|(6393013)|.000|2|0|0|0|(6393013)|empty
1896684377507636997|361896182|28|3|1|(6411932)|.000|3|0|0|0|(6411932)|empty
1896684377507636997|361896182|29|1|1|(6624682)|.000|1|0|0|0|(6624682)|empty
1896684377507636997|361896182|30|2|1|(6879074)|.000|2|0|0|0|(6879074)|empty
1896684377507636997|361896187|0|0|0|('large')|.000|0|0|0|0|()|empty
1896684377507636997|361896187|1|13|1|('large')|.000|13|0|0|0|('large')|empty
1896684377507636997|361896187|2|16|1|('medium')|.000|16|0|0|0|('medium')|empty
1896684377507636997|361896187|3|13|1|('small')|.000|13|0|0|0|('small')|empty
1896684377507636997|361896192|0|0|0|('California')|.000|0|0|0|0|()|empty
1896684377507636997|361896192|1|2|1|('California')|.000|2|0|0|0|('California')|empty
1896684377507636997|361896192|2|2|1|('California_1')|.000|2|0|0|0|('California_1')|empty
1896684377507636997|361896192|3|2|1|('California_2')|.000|2|0|0|0|('California_2')|empty
1896684377507636997|361896192|4|3|1|('Hawaii/Alaska')|.000|3|0|0|0|('Hawaii/Alaska')|empty
1896684377507636997|361896192|5|3|1|('Hawaii/Alaska_1')|.000|3|0|0|0|('Hawaii/Alaska_1')|empty
1896684377507636997|361896192|6|3|1|('Hawaii/Alaska_2')|.000|3|0|0|0|('Hawaii/Alaska_2')|empty
1896684377507636997|361896192|7|2|1|('Mid Atlantic')|.000|2|0|0|0|('Mid Atlantic')|empty
1896684377507636997|361896192|8|2|1|('Mid Atlantic_1')|.000|2|0|0|0|('Mid Atlantic_1')|empty
1896684377507636997|361896192|9|2|1|('Mid Atlantic_2')|.000|2|0|0|0|('Mid Atlantic_2')|empty
1896684377507636997|361896192|10|2|1|('Mid Atlantic_3')|.000|2|0|0|0|('Mid Atlantic_3')|empty
1896684377507636997|361896192|11|1|1|('NY Metro')|.000|1|0|0|0|('NY Metro')|empty
1896684377507636997|361896192|12|1|1|('NY Metro_1')|.000|1|0|0|0|('NY Metro_1')|empty
1896684377507636997|361896192|13|1|1|('NY Metro_2')|.000|1|0|0|0|('NY Metro_2')|empty
1896684377507636997|361896192|14|1|1|('NY Metro_3')|.000|1|0|0|0|('NY Metro_3')|empty
1896684377507636997|361896192|15|3|1|('North Midwest')|.000|3|0|0|0|('North Midwest')|empty
1896684377507636997|361896192|16|3|1|('North Midwest_1')|.000|3|0|0|0|('North Midwest_1')|empty
1896684377507636997|361896192|17|3|1|('North Midwest_2')|.000|3|0|0|0|('North Midwest_2')|empty
1896684377507636997|361896192|18|3|1|('North Midwest_3')|.000|3|0|0|0|('North Midwest_3')|empty
1896684377507636997|361896192|19|1|1|('Pacific Northwest')|.000|1|0|0|0|('Pacific Northwest')|empty
1896684377507636997|361896192|20|1|1|('Pacific Northwest_1')|.000|1|0|0|0|('Pacific Northwest_1')|empty
1896684377507636997|361896192|21|1|1|('Pacific Northwest_2')|.000|1|0|0|0|('Pacific Northwest_2')|empty
1896684377507636997|361896197|0|0|0|(2450794)|.000|0|0|0|0|()|empty
1896684377507636997|361896197|1|1|1|(2450794)|.000|1|0|0|0|(2450794)|empty
1896684377507636997|361896197|2|2|1|(2450806)|.000|2|0|0|0|(2450806)|empty
1896684377507636997|361896197|3|2|1|(2450808)|.000|2|0|0|0|(2450808)|empty
1896684377507636997|361896197|4|1|1|(2450844)|.000|1|0|0|0|(2450844)|empty
1896684377507636997|361896197|5|1|1|(2450857)|.000|1|0|0|0|(2450857)|empty
1896684377507636997|361896197|6|1|1|(2450952)|.000|1|0|0|0|(2450952)|empty
1896684377507636997|361896197|7|1|1|(2451024)|.000|1|0|0|0|(2451024)|empty
1896684377507636997|361896197|8|3|1|(2451049)|.000|3|0|0|0|(2451049)|empty
1896684377507636997|361896197|9|3|1|(2451050)|.000|3|0|0|0|(2451050)|empty
1896684377507636997|361896197|10|3|1|(2451063)|.000|3|0|0|0|(2451063)|empty
1896684377507636997|361896197|11|1|1|(2451064)|.000|1|0|0|0|(2451064)|empty
1896684377507636997|361896197|12|2|1|(2451070)|.000|2|0|0|0|(2451070)|empty
1896684377507636997|361896197|13|2|1|(2451076)|.000|2|0|0|0|(2451076)|empty
1896684377507636997|361896197|14|3|1|(2451077)|.000|3|0|0|0|(2451077)|empty
1896684377507636997|361896197|15|2|1|(2451079)|.000|2|0|0|0|(2451079)|empty
1896684377507636997|361896197|16|3|1|(2451093)|.000|3|0|0|0|(2451093)|empty
1896684377507636997|361896197|17|3|1|(2451097)|.000|3|0|0|0|(2451097)|empty
1896684377507636997|361896197|18|3|1|(2451102)|.000|3|0|0|0|(2451102)|empty
1896684377507636997|361896197|19|2|1|(2451103)|.000|2|0|0|0|(2451103)|empty
1896684377507636997|361896197|20|2|1|(2451128)|.000|2|0|0|0|(2451128)|empty
1896684377507636997|361896197|21|1|1|(2451146)|.000|1|0|0|0|(2451146)|empty
1896684377507636997|361896202|0|0|0|(NULL)|.000|0|0|0|0|()|empty
1896684377507636997|361896202|1|42|1|(NULL)|.000|0|0|0|0|()|empty
1896684377507636997|361896207|0|0|0|(DATE '2000-01-01')|.000|0|0|0|0|()|empty
1896684377507636997|361896207|1|7|1|(DATE '2000-01-01')|.000|7|0|0|0|(DATE '2000-01-01')|empty
1896684377507636997|361896207|2|7|1|(DATE '2000-12-31')|.000|7|0|0|0|(DATE '2000-12-31')|empty
1896684377507636997|361896207|3|7|1|(DATE '2001-12-31')|.000|7|0|0|0|(DATE '2001-12-31')|empty
1896684377507636997|361896207|4|21|1|(NULL)|.000|0|0|0|0|()|empty
1896684377507636997|361896212|0|0|0|(DATE '1998-01-01')|.000|0|0|0|0|()|empty
1896684377507636997|361896212|1|21|1|(DATE '1998-01-01')|.000|21|0|0|0|(DATE '1998-01-01')|empty
1896684377507636997|361896212|2|7|1|(DATE '2000-01-02')|.000|7|0|0|0|(DATE '2000-01-02')|empty
1896684377507636997|361896212|3|7|1|(DATE '2001-01-01')|.000|7|0|0|0|(DATE '2001-01-01')|empty
1896684377507636997|361896212|4|7|1|(DATE '2002-01-01')|.000|7|0|0|0|(DATE '2002-01-01')|empty
1896684377507636997|361896217|0|0|0|('AAAAAAAAABAAAAAA')|.000|0|0|0|0|()|empty
1896684377507636997|361896217|1|3|1|('AAAAAAAAABAAAAAA')|.000|3|0|0|0|('AAAAAAAAABAAAAAA')|empty
1896684377507636997|361896217|2|2|1|('AAAAAAAAACAAAAAA')|.000|2|0|0|0|('AAAAAAAAACAAAAAA')|empty
1896684377507636997|361896217|3|1|1|('AAAAAAAABAAAAAAA')|.000|1|0|0|0|('AAAAAAAABAAAAAAA')|empty
1896684377507636997|361896217|4|2|1|('AAAAAAAACAAAAAAA')|.000|2|0|0|0|('AAAAAAAACAAAAAAA')|empty
1896684377507636997|361896217|5|3|1|('AAAAAAAACCAAAAAA')|.000|3|0|0|0|('AAAAAAAACCAAAAAA')|empty
1896684377507636997|361896217|6|1|1|('AAAAAAAADBAAAAAA')|.000|1|0|0|0|('AAAAAAAADBAAAAAA')|empty
1896684377507636997|361896217|7|3|1|('AAAAAAAAEAAAAAAA')|.000|3|0|0|0|('AAAAAAAAEAAAAAAA')|empty
1896684377507636997|361896217|8|2|1|('AAAAAAAAEBAAAAAA')|.000|2|0|0|0|('AAAAAAAAEBAAAAAA')|empty
1896684377507636997|361896217|9|1|1|('AAAAAAAAFCAAAAAA')|.000|1|0|0|0|('AAAAAAAAFCAAAAAA')|empty
1896684377507636997|361896217|10|3|1|('AAAAAAAAGBAAAAAA')|.000|3|0|0|0|('AAAAAAAAGBAAAAAA')|empty
1896684377507636997|361896217|11|2|1|('AAAAAAAAGCAAAAAA')|.000|2|0|0|0|('AAAAAAAAGCAAAAAA')|empty
1896684377507636997|361896217|12|1|1|('AAAAAAAAHAAAAAAA')|.000|1|0|0|0|('AAAAAAAAHAAAAAAA')|empty
1896684377507636997|361896217|13|2|1|('AAAAAAAAIAAAAAAA')|.000|2|0|0|0|('AAAAAAAAIAAAAAAA')|empty
1896684377507636997|361896217|14|3|1|('AAAAAAAAICAAAAAA')|.000|3|0|0|0|('AAAAAAAAICAAAAAA')|empty
1896684377507636997|361896217|15|1|1|('AAAAAAAAJBAAAAAA')|.000|1|0|0|0|('AAAAAAAAJBAAAAAA')|empty
1896684377507636997|361896217|16|3|1|('AAAAAAAAKAAAAAAA')|.000|3|0|0|0|('AAAAAAAAKAAAAAAA')|empty
1896684377507636997|361896217|17|2|1|('AAAAAAAAKBAAAAAA')|.000|2|0|0|0|('AAAAAAAAKBAAAAAA')|empty
1896684377507636997|361896217|18|3|1|('AAAAAAAAMBAAAAAA')|.000|3|0|0|0|('AAAAAAAAMBAAAAAA')|empty
1896684377507636997|361896217|19|1|1|('AAAAAAAANAAAAAAA')|.000|1|0|0|0|('AAAAAAAANAAAAAAA')|empty
1896684377507636997|361896217|20|2|1|('AAAAAAAAOAAAAAAA')|.000|2|0|0|0|('AAAAAAAAOAAAAAAA')|empty
1896684377507636997|361896217|21|1|1|('AAAAAAAAPBAAAAAA')|.000|1|0|0|0|('AAAAAAAAPBAAAAAA')|empty
1896684377507636997|361896222|0|0|0|(1)|.000|0|0|0|0|()|empty
1896684377507636997|361896222|1|1|1|(1)|.000|1|0|0|0|(1)|empty
1896684377507636997|361896222|2|1|1|(2)|.000|1|0|0|0|(2)|empty
1896684377507636997|361896222|3|1|1|(3)|.000|1|0|0|0|(3)|empty
1896684377507636997|361896222|4|1|1|(4)|.000|1|0|0|0|(4)|empty
1896684377507636997|361896222|5|1|1|(5)|.000|1|0|0|0|(5)|empty
1896684377507636997|361896222|6|1|1|(6)|.000|1|0|0|0|(6)|empty
1896684377507636997|361896222|7|1|1|(7)|.000|1|0|0|0|(7)|empty
1896684377507636997|361896222|8|1|1|(8)|.000|1|0|0|0|(8)|empty
1896684377507636997|361896222|9|1|1|(9)|.000|1|0|0|0|(9)|empty
1896684377507636997|361896222|10|1|1|(10)|.000|1|0|0|0|(10)|empty
1896684377507636997|361896222|11|1|1|(11)|.000|1|0|0|0|(11)|empty
1896684377507636997|361896222|12|1|1|(12)|.000|1|0|0|0|(12)|empty
1896684377507636997|361896222|13|1|1|(13)|.000|1|0|0|0|(13)|empty
1896684377507636997|361896222|14|1|1|(14)|.000|1|0|0|0|(14)|empty
1896684377507636997|361896222|15|1|1|(15)|.000|1|0|0|0|(15)|empty
1896684377507636997|361896222|16|1|1|(16)|.000|1|0|0|0|(16)|empty
1896684377507636997|361896222|17|1|1|(17)|.000|1|0|0|0|(17)|empty
1896684377507636997|361896222|18|1|1|(18)|.000|1|0|0|0|(18)|empty
1896684377507636997|361896222|19|1|1|(19)|.000|1|0|0|0|(19)|empty
1896684377507636997|361896222|20|1|1|(20)|.000|1|0|0|0|(20)|empty
1896684377507636997|361896222|21|1|1|(21)|.000|1|0|0|0|(21)|empty
1896684377507636997|361896222|22|1|1|(22)|.000|1|0|0|0|(22)|empty
1896684377507636997|361896222|23|1|1|(23)|.000|1|0|0|0|(23)|empty
1896684377507636997|361896222|24|1|1|(24)|.000|1|0|0|0|(24)|empty
1896684377507636997|361896222|25|1|1|(25)|.000|1|0|0|0|(25)|empty
1896684377507636997|361896222|26|1|1|(26)|.000|1|0|0|0|(26)|empty
1896684377507636997|361896222|27|1|1|(27)|.000|1|0|0|0|(27)|empty
1896684377507636997|361896222|28|1|1|(28)|.000|1|0|0|0|(28)|empty
1896684377507636997|361896222|29|1|1|(29)|.000|1|0|0|0|(29)|empty
1896684377507636997|361896222|30|1|1|(30)|.000|1|0|0|0|(30)|empty
1896684377507636997|361896222|31|1|1|(31)|.000|1|0|0|0|(31)|empty
1896684377507636997|361896222|32|1|1|(32)|.000|1|0|0|0|(32)|empty
1896684377507636997|361896222|33|1|1|(33)|.000|1|0|0|0|(33)|empty
1896684377507636997|361896222|34|1|1|(34)|.000|1|0|0|0|(34)|empty
1896684377507636997|361896222|35|1|1|(35)|.000|1|0|0|0|(35)|empty
1896684377507636997|361896222|36|1|1|(36)|.000|1|0|0|0|(36)|empty
1896684377507636997|361896222|37|1|1|(37)|.000|1|0|0|0|(37)|empty
1896684377507636997|361896222|38|1|1|(38)|.000|1|0|0|0|(38)|empty
1896684377507636997|361896222|39|1|1|(39)|.000|1|0|0|0|(39)|empty
1896684377507636997|361896222|40|1|1|(40)|.000|1|0|0|0|(40)|empty
1896684377507636997|361896222|41|1|1|(41)|.000|1|0|0|0|(41)|empty
1896684377507636997|361896222|42|1|1|(42)|.000|1|0|0|0|(42)|empty
