1896684377507637465|1139318495|0|0|0|(0)|.000|0|0|0|0|()|empty
1896684377507637465|1139318495|1|627|1|(0)|.000|627|0|0|0|(0)|empty
1896684377507637465|1139318495|2|506|1|(1)|.000|506|0|0|0|(1)|empty
1896684377507637465|1139318495|3|676|1|(2)|.000|676|0|0|0|(2)|empty
1896684377507637465|1139318495|4|564|1|(3)|.000|564|0|0|0|(3)|empty
1896684377507637465|1139318495|5|596|1|(4)|.000|596|0|0|0|(4)|empty
1896684377507637465|1139318495|6|31|1|(NULL)|.000|0|0|0|0|()|empty
1896684377507637465|1139318500|0|0|0|(1)|.000|0|0|0|0|()|empty
1896684377507637465|1139318500|1|366|1|(1)|.000|366|0|0|0|(1)|empty
1896684377507637465|1139318500|2|427|1|(2)|.000|427|0|0|0|(2)|empty
1896684377507637465|1139318500|3|410|1|(3)|.000|410|0|0|0|(3)|empty
1896684377507637465|1139318500|4|416|1|(4)|.000|416|0|0|0|(4)|empty
1896684377507637465|1139318500|5|451|1|(5)|.000|451|0|0|0|(5)|empty
1896684377507637465|1139318500|6|427|1|(6)|.000|427|0|0|0|(6)|empty
1896684377507637465|1139318500|7|477|1|(7)|.000|477|0|0|0|(7)|empty
1896684377507637465|1139318500|8|26|1|(NULL)|.000|0|0|0|0|()|empty
1896684377507637465|1139318505|0|0|0|(2)|.000|0|0|0|0|()|empty
1896684377507637465|1139318505|1|107|1|(2)|.000|107|0|0|0|(2)|empty
1896684377507637465|1139318505|2|126|1|(3)|.000|126|0|0|0|(3)|empty
1896684377507637465|1139318505|3|134|1|(4)|.000|134|0|0|0|(4)|empty
1896684377507637465|1139318505|4|124|1|(5)|.000|124|0|0|0|(5)|empty
1896684377507637465|1139318505|5|130|1|(6)|.000|130|0|0|0|(6)|empty
1896684377507637465|1139318505|6|143|1|(7)|.000|143|0|0|0|(7)|empty
1896684377507637465|1139318505|7|100|1|(8)|.000|100|0|0|0|(8)|empty
1896684377507637465|1139318505|8|167|1|(9)|.000|167|0|0|0|(9)|empty
1896684377507637465|1139318505|9|112|1|(10)|.000|112|0|0|0|(10)|empty
1896684377507637465|1139318505|10|126|1|(11)|.000|126|0|0|0|(11)|empty
1896684377507637465|1139318505|11|117|1|(12)|.000|117|0|0|0|(12)|empty
1896684377507637465|1139318505|12|132|1|(13)|.000|132|0|0|0|(13)|empty
1896684377507637465|1139318505|13|129|1|(14)|.000|129|0|0|0|(14)|empty
1896684377507637465|1139318505|14|135|1|(15)|.000|135|0|0|0|(15)|empty
1896684377507637465|1139318505|15|101|1|(16)|.000|101|0|0|0|(16)|empty
1896684377507637465|1139318505|16|140|1|(17)|.000|140|0|0|0|(17)|empty
1896684377507637465|1139318505|17|142|1|(18)|.000|142|0|0|0|(18)|empty
1896684377507637465|1139318505|18|104|1|(19)|.000|104|0|0|0|(19)|empty
1896684377507637465|1139318505|19|101|1|(20)|.000|101|0|0|0|(20)|empty
1896684377507637465|1139318505|20|108|1|(21)|.000|108|0|0|0|(21)|empty
1896684377507637465|1139318505|21|121|1|(22)|.000|121|0|0|0|(22)|empty
1896684377507637465|1139318505|22|124|1|(23)|.000|124|0|0|0|(23)|empty
1896684377507637465|1139318505|23|115|1|(24)|.000|115|0|0|0|(24)|empty
1896684377507637465|1139318505|24|135|1|(25)|.000|135|0|0|0|(25)|empty
1896684377507637465|1139318505|25|27|1|(NULL)|.000|0|0|0|0|()|empty
1896684377507637465|1139318510|0|0|0|(303)|.000|0|0|0|0|()|empty
1896684377507637465|1139318510|1|39|28|(592)|.556|3|2|0|0|(421)|empty
1896684377507637465|1139318510|2|68|44|(793)|.915|5|4|0|0|(628)|empty
1896684377507637465|1139318510|3|68|44|(929)|.810|4|4|0|0|(850)|empty
1896684377507637465|1139318510|4|68|46|(1063)|.800|4|4|0|0|(1021)|empty
1896684377507637465|1139318510|5|68|47|(1165)|.708|3|3|0|0|(1084)|empty
1896684377507637465|1139318510|6|67|37|(1295)|1.035|5|4|0|0|(1228)|empty
1896684377507637465|1139318510|7|67|41|(1383)|.757|4|3|0|0|(1312)|empty
1896684377507637465|1139318510|8|67|41|(1511)|1.030|6|4|0|0|(1434)|empty
1896684377507637465|1139318510|9|67|42|(1615)|1.001|5|4|0|0|(1581)|empty
1896684377507637465|1139318510|10|67|35|(1714)|1.155|5|5|0|0|(1668)|empty
1896684377507637465|1139318510|11|67|41|(1828)|.848|5|3|0|0|(1826)|empty
1896684377507637465|1139318510|12|67|41|(1931)|.788|4|3|0|0|(1885)|empty
1896684377507637465|1139318510|13|65|38|(2049)|.970|5|4|0|0|(2038)|empty
1896684377507637465|1139318510|14|66|43|(2158)|.757|4|3|0|0|(2086)|empty
1896684377507637465|1139318510|15|65|42|(2270)|.956|5|4|0|0|(2238)|empty
1896684377507637465|1139318510|16|62|37|(2392)|1.041|5|4|0|0|(2354)|empty
1896684377507637465|1139318510|17|3|1|(2418)|.000|3|0|0|0|(2418)|empty
1896684377507637465|1139318510|18|67|41|(2513)|.956|5|4|0|0|(2428)|empty
1896684377507637465|1139318510|19|67|40|(2623)|.877|4|4|0|0|(2539)|empty
1896684377507637465|1139318510|20|65|40|(2724)|.913|5|4|0|0|(2669)|empty
1896684377507637465|1139318510|21|67|39|(2816)|.875|4|4|0|0|(2725)|empty
1896684377507637465|1139318510|22|65|41|(2938)|.854|5|3|0|0|(2928)|empty
1896684377507637465|1139318510|23|67|43|(3045)|.870|4|4|0|0|(2950)|empty
1896684377507637465|1139318510|24|66|40|(3148)|.936|5|4|0|0|(3128)|empty
1896684377507637465|1139318510|25|67|42|(3265)|.818|4|3|0|0|(3171)|empty
1896684377507637465|1139318510|26|67|40|(3369)|.958|5|4|0|0|(3347)|empty
1896684377507637465|1139318510|27|67|38|(3456)|1.062|5|5|0|0|(3372)|empty
1896684377507637465|1139318510|28|67|42|(3553)|1.047|6|4|0|0|(3513)|empty
1896684377507637465|1139318510|29|68|37|(3647)|1.174|5|5|0|0|(3573)|empty
1896684377507637465|1139318510|30|68|38|(3732)|.893|4|4|0|0|(3725)|empty
1896684377507637465|1139318510|31|68|38|(3847)|1.104|5|5|0|0|(3743)|empty
1896684377507637465|1139318510|32|68|42|(3990)|.785|4|4|0|0|(3871)|empty
1896684377507637465|1139318510|33|68|45|(4117)|.718|4|3|0|0|(4046)|empty
1896684377507637465|1139318510|34|68|45|(4287)|.806|4|3|0|0|(4194)|empty
1896684377507637465|1139318510|35|67|43|(4426)|.971|4|4|0|0|(4298)|empty
1896684377507637465|1139318510|36|68|49|(4629)|.723|4|3|0|0|(4557)|empty
1896684377507637465|1139318510|37|68|50|(4852)|.656|4|3|0|0|(4662)|empty
1896684377507637465|1139318510|38|65|48|(5062)|.691|4|3|0|0|(5014)|empty
1896684377507637465|1139318510|39|46|32|(5215)|.704|3|3|0|0|(5105)|empty
1896684377507637465|1139318510|40|53|32|(5358)|.814|4|3|0|0|(5262)|empty
1896684377507637465|1139318510|41|25|17|(5461)|.848|4|3|0|0|(5427)|empty
1896684377507637465|1139318510|42|60|43|(5639)|.615|3|3|0|0|(5554)|empty
1896684377507637465|1139318510|43|20|14|(5733)|.820|4|2|0|0|(5733)|empty
1896684377507637465|1139318510|44|55|32|(5930)|.874|4|3|0|0|(5780)|empty
1896684377507637465|1139318510|45|41|28|(6128)|.625|3|3|0|0|(5933)|empty
1896684377507637465|1139318510|46|62|45|(6466)|.796|5|3|0|0|(6153)|empty
1896684377507637465|1139318510|47|37|28|(6801)|.538|3|2|0|0|(6577)|empty
1896684377507637465|1139318510|48|27|15|(6955)|.748|3|3|0|0|(6812)|empty
1896684377507637465|1139318510|49|57|45|(7515)|.442|2|2|0|0|(7489)|empty
1896684377507637465|1139318510|50|2|1|(7628)|.000|2|0|0|0|(7628)|empty
1896684377507637465|1139318510|51|4|3|(7659)|.471|2|1|0|0|(7659)|empty
1896684377507637465|1139318510|52|1|1|(7718)|.000|1|0|0|0|(7718)|empty
1896684377507637465|1139318510|53|12|9|(7955)|.471|2|2|0|0|(7857)|empty
1896684377507637465|1139318510|54|1|1|(8070)|.000|1|0|0|0|(8070)|empty
1896684377507637465|1139318510|55|2|1|(8105)|.000|2|0|0|0|(8105)|empty
1896684377507637465|1139318510|56|1|1|(8215)|.000|1|0|0|0|(8215)|empty
1896684377507637465|1139318510|57|2|1|(8254)|.000|2|0|0|0|(8254)|empty
1896684377507637465|1139318510|58|1|1|(8523)|.000|1|0|0|0|(8523)|empty
1896684377507637465|1139318510|59|42|1|(NULL)|.000|4|3|0|0|(5427)|empty
1896684377507637465|1139318515|0|0|0|('')|.000|0|0|0|0|()|empty
1896684377507637465|1139318515|1|31|1|('')|.000|31|0|0|0|('')|empty
1896684377507637465|1139318515|2|465|1|('ad')|.000|465|0|0|0|('ad')|empty
1896684377507637465|1139318515|3|408|1|('dynamic')|.000|408|0|0|0|('dynamic')|empty
1896684377507637465|1139318515|4|405|1|('feedback')|.000|405|0|0|0|('feedback')|empty
1896684377507637465|1139318515|5|437|1|('general')|.000|437|0|0|0|('general')|empty
1896684377507637465|1139318515|6|416|1|('order')|.000|416|0|0|0|('order')|empty
1896684377507637465|1139318515|7|418|1|('protected')|.000|418|0|0|0|('protected')|empty
1896684377507637465|1139318515|8|420|1|('welcome')|.000|420|0|0|0|('welcome')|empty
1896684377507637465|1139318520|0|0|0|('')|.000|0|0|0|0|()|empty
1896684377507637465|1139318520|1|33|1|('')|.000|33|0|0|0|('')|empty
1896684377507637465|1139318520|2|2967|1|('http://www.foo.com')|.000|2967|0|0|0|('http://www.foo.com')|empty
1896684377507637465|1139318525|0|0|0|(9522)|.000|0|0|0|0|()|empty
1896684377507637465|1139318525|1|34|26|(388227)|.605|3|3|0|0|(388227)|empty
1896684377507637465|1139318525|2|35|27|(831280)|.656|3|3|0|0|(831280)|empty
1896684377507637465|1139318525|3|56|46|(1533463)|.462|3|2|0|0|(1148261)|empty
1896684377507637465|1139318525|4|66|61|(2456067)|.274|2|2|0|0|(1627610)|empty
1896684377507637465|1139318525|5|5|4|(2551854)|.433|2|1|0|0|(2539265)|empty
1896684377507637465|1139318525|6|1|1|(2655237)|.000|1|0|0|0|(2655237)|empty
1896684377507637465|1139318525|7|62|52|(3249606)|.394|2|2|0|0|(3087460)|empty
1896684377507637465|1139318525|8|39|35|(3951989)|.397|3|2|0|0|(3637295)|empty
1896684377507637465|1139318525|9|66|47|(4725070)|.641|3|3|0|0|(4021285)|empty
1896684377507637465|1139318525|10|60|50|(5584236)|.489|3|3|0|0|(5044519)|empty
1896684377507637465|1139318525|11|67|53|(6361807)|.519|3|3|0|0|(5693625)|empty
1896684377507637465|1139318525|12|67|58|(7223088)|.362|2|2|0|0|(6433609)|empty
1896684377507637465|1139318525|13|44|39|(8136631)|.334|2|2|0|0|(8059786)|empty
1896684377507637465|1139318525|14|1|1|(8230301)|.000|1|0|0|0|(8230301)|empty
1896684377507637465|1139318525|15|63|54|(9104603)|.461|3|3|0|0|(8431860)|empty
1896684377507637465|1139318525|16|1|1|(9202953)|.000|1|0|0|0|(9202953)|empty
1896684377507637465|1139318525|17|63|56|(10055223)|.330|2|2|0|0|(9374997)|empty
1896684377507637465|1139318525|18|1|1|(10151162)|.000|1|0|0|0|(10151162)|empty
1896684377507637465|1139318525|19|50|41|(10780458)|.413|2|2|0|0|(10152353)|empty
1896684377507637465|1139318525|20|3|1|(10885483)|.000|3|0|0|0|(10885483)|empty
1896684377507637465|1139318525|21|67|60|(11931793)|.321|2|2|0|0|(10915937)|empty
1896684377507637465|1139318525|22|2|2|(11995685)|.000|1|1|0|0|(11940559)|empty
1896684377507637465|1139318525|23|2147|1|(NULL)|.000|3|2|0|0|(1148261)|empty
1896684377507637465|1139318530|0|0|0|('')|.000|0|0|0|0|()|empty
1896684377507637465|1139318530|1|38|1|('')|.000|38|0|0|0|('')|empty
1896684377507637465|1139318530|2|2112|1|('N')|.000|2112|0|0|0|('N')|empty
1896684377507637465|1139318530|3|850|1|('Y')|.000|850|0|0|0|('Y')|empty
1896684377507637465|1139318535|0|0|0|(2452548)|.000|0|0|0|0|()|empty
1896684377507637465|1139318535|1|32|1|(2452548)|.000|32|0|0|0|(2452548)|empty
1896684377507637465|1139318535|2|24|1|(2452549)|.000|24|0|0|0|(2452549)|empty
1896684377507637465|1139318535|3|28|1|(2452550)|.000|28|0|0|0|(2452550)|empty
1896684377507637465|1139318535|4|28|1|(2452551)|.000|28|0|0|0|(2452551)|empty
1896684377507637465|1139318535|5|39|1|(2452552)|.000|39|0|0|0|(2452552)|empty
1896684377507637465|1139318535|6|40|1|(2452553)|.000|40|0|0|0|(2452553)|empty
1896684377507637465|1139318535|7|23|1|(2452554)|.000|23|0|0|0|(2452554)|empty
1896684377507637465|1139318535|8|29|1|(2452555)|.000|29|0|0|0|(2452555)|empty
1896684377507637465|1139318535|9|23|1|(2452556)|.000|23|0|0|0|(2452556)|empty
1896684377507637465|1139318535|10|35|1|(2452557)|.000|35|0|0|0|(2452557)|empty
1896684377507637465|1139318535|11|24|1|(2452558)|.000|24|0|0|0|(2452558)|empty
1896684377507637465|1139318535|12|29|1|(2452559)|.000|29|0|0|0|(2452559)|empty
1896684377507637465|1139318535|13|20|1|(2452560)|.000|20|0|0|0|(2452560)|empty
1896684377507637465|1139318535|14|23|1|(2452561)|.000|23|0|0|0|(2452561)|empty
1896684377507637465|1139318535|15|29|1|(2452562)|.000|29|0|0|0|(2452562)|empty
1896684377507637465|1139318535|16|25|1|(2452563)|.000|25|0|0|0|(2452563)|empty
1896684377507637465|1139318535|17|36|1|(2452564)|.000|36|0|0|0|(2452564)|empty
1896684377507637465|1139318535|18|40|1|(2452565)|.000|40|0|0|0|(2452565)|empty
1896684377507637465|1139318535|19|31|1|(2452566)|.000|31|0|0|0|(2452566)|empty
1896684377507637465|1139318535|20|46|1|(2452567)|.000|46|0|0|0|(2452567)|empty
1896684377507637465|1139318535|21|24|1|(2452568)|.000|24|0|0|0|(2452568)|empty
1896684377507637465|1139318535|22|25|1|(2452569)|.000|25|0|0|0|(2452569)|empty
1896684377507637465|1139318535|23|18|1|(2452570)|.000|18|0|0|0|(2452570)|empty
1896684377507637465|1139318535|24|19|1|(2452571)|.000|19|0|0|0|(2452571)|empty
1896684377507637465|1139318535|25|45|1|(2452572)|.000|45|0|0|0|(2452572)|empty
1896684377507637465|1139318535|26|27|1|(2452573)|.000|27|0|0|0|(2452573)|empty
1896684377507637465|1139318535|27|31|1|(2452574)|.000|31|0|0|0|(2452574)|empty
1896684377507637465|1139318535|28|36|1|(2452575)|.000|36|0|0|0|(2452575)|empty
1896684377507637465|1139318535|29|30|1|(2452576)|.000|30|0|0|0|(2452576)|empty
1896684377507637465|1139318535|30|30|1|(2452577)|.000|30|0|0|0|(2452577)|empty
1896684377507637465|1139318535|31|38|1|(2452578)|.000|38|0|0|0|(2452578)|empty
1896684377507637465|1139318535|32|30|1|(2452579)|.000|30|0|0|0|(2452579)|empty
1896684377507637465|1139318535|33|23|1|(2452580)|.000|23|0|0|0|(2452580)|empty
1896684377507637465|1139318535|34|16|1|(2452581)|.000|16|0|0|0|(2452581)|empty
1896684377507637465|1139318535|35|22|1|(2452582)|.000|22|0|0|0|(2452582)|empty
1896684377507637465|1139318535|36|41|1|(2452583)|.000|41|0|0|0|(2452583)|empty
1896684377507637465|1139318535|37|20|1|(2452584)|.000|20|0|0|0|(2452584)|empty
1896684377507637465|1139318535|38|26|1|(2452585)|.000|26|0|0|0|(2452585)|empty
1896684377507637465|1139318535|39|33|1|(2452586)|.000|33|0|0|0|(2452586)|empty
1896684377507637465|1139318535|40|23|1|(2452587)|.000|23|0|0|0|(2452587)|empty
1896684377507637465|1139318535|41|25|1|(2452588)|.000|25|0|0|0|(2452588)|empty
1896684377507637465|1139318535|42|36|1|(2452589)|.000|36|0|0|0|(2452589)|empty
1896684377507637465|1139318535|43|21|1|(2452590)|.000|21|0|0|0|(2452590)|empty
1896684377507637465|1139318535|44|28|1|(2452591)|.000|28|0|0|0|(2452591)|empty
1896684377507637465|1139318535|45|35|1|(2452592)|.000|35|0|0|0|(2452592)|empty
1896684377507637465|1139318535|46|36|1|(2452593)|.000|36|0|0|0|(2452593)|empty
1896684377507637465|1139318535|47|19|1|(2452594)|.000|19|0|0|0|(2452594)|empty
1896684377507637465|1139318535|48|31|1|(2452595)|.000|31|0|0|0|(2452595)|empty
1896684377507637465|1139318535|49|32|1|(2452596)|.000|32|0|0|0|(2452596)|empty
1896684377507637465|1139318535|50|19|1|(2452597)|.000|19|0|0|0|(2452597)|empty
1896684377507637465|1139318535|51|25|1|(2452598)|.000|25|0|0|0|(2452598)|empty
1896684377507637465|1139318535|52|40|1|(2452599)|.000|40|0|0|0|(2452599)|empty
1896684377507637465|1139318535|53|26|1|(2452600)|.000|26|0|0|0|(2452600)|empty
1896684377507637465|1139318535|54|38|1|(2452601)|.000|38|0|0|0|(2452601)|empty
1896684377507637465|1139318535|55|39|1|(2452602)|.000|39|0|0|0|(2452602)|empty
1896684377507637465|1139318535|56|31|1|(2452603)|.000|31|0|0|0|(2452603)|empty
1896684377507637465|1139318535|57|62|2|(2452605)|.000|31|31|0|0|(2452605)|empty
1896684377507637465|1139318535|58|24|1|(2452606)|.000|24|0|0|0|(2452606)|empty
1896684377507637465|1139318535|59|37|1|(2452607)|.000|37|0|0|0|(2452607)|empty
1896684377507637465|1139318535|60|19|1|(2452608)|.000|19|0|0|0|(2452608)|empty
1896684377507637465|1139318535|61|24|1|(2452609)|.000|24|0|0|0|(2452609)|empty
1896684377507637465|1139318535|62|28|1|(2452610)|.000|28|0|0|0|(2452610)|empty
1896684377507637465|1139318535|63|28|1|(2452611)|.000|28|0|0|0|(2452611)|empty
1896684377507637465|1139318535|64|22|1|(2452612)|.000|22|0|0|0|(2452612)|empty
1896684377507637465|1139318535|65|41|1|(2452613)|.000|41|0|0|0|(2452613)|empty
1896684377507637465|1139318535|66|56|2|(2452615)|1.000|29|27|0|0|(2452615)|empty
1896684377507637465|1139318535|67|26|1|(2452616)|.000|26|0|0|0|(2452616)|empty
1896684377507637465|1139318535|68|24|1|(2452617)|.000|24|0|0|0|(2452617)|empty
1896684377507637465|1139318535|69|32|1|(2452618)|.000|32|0|0|0|(2452618)|empty
1896684377507637465|1139318535|70|24|1|(2452619)|.000|24|0|0|0|(2452619)|empty
1896684377507637465|1139318535|71|60|2|(2452621)|1.000|31|29|0|0|(2452620)|empty
1896684377507637465|1139318535|72|24|1|(2452622)|.000|24|0|0|0|(2452622)|empty
1896684377507637465|1139318535|73|22|1|(2452623)|.000|22|0|0|0|(2452623)|empty
1896684377507637465|1139318535|74|30|1|(2452624)|.000|30|0|0|0|(2452624)|empty
1896684377507637465|1139318535|75|43|1|(2452625)|.000|43|0|0|0|(2452625)|empty
1896684377507637465|1139318535|76|27|1|(2452626)|.000|27|0|0|0|(2452626)|empty
1896684377507637465|1139318535|77|47|1|(2452627)|.000|47|0|0|0|(2452627)|empty
1896684377507637465|1139318535|78|52|2|(2452629)|3.000|29|23|0|0|(2452629)|empty
1896684377507637465|1139318535|79|53|2|(2452631)|1.500|28|25|0|0|(2452631)|empty
1896684377507637465|1139318535|80|20|1|(2452632)|.000|20|0|0|0|(2452632)|empty
1896684377507637465|1139318535|81|43|1|(2452633)|.000|43|0|0|0|(2452633)|empty
1896684377507637465|1139318535|82|53|2|(2452635)|1.500|28|25|0|0|(2452634)|empty
1896684377507637465|1139318535|83|57|2|(2452637)|.500|29|28|0|0|(2452637)|empty
1896684377507637465|1139318535|84|60|2|(2452639)|4.000|34|26|0|0|(2452639)|empty
1896684377507637465|1139318535|85|45|1|(2452640)|.000|45|0|0|0|(2452640)|empty
1896684377507637465|1139318535|86|60|2|(2452642)|5.000|35|25|0|0|(2452641)|empty
1896684377507637465|1139318535|87|33|1|(2452643)|.000|33|0|0|0|(2452643)|empty
1896684377507637465|1139318535|88|58|2|(2452645)|4.000|33|25|0|0|(2452644)|empty
1896684377507637465|1139318535|89|31|1|(2452646)|.000|31|0|0|0|(2452646)|empty
1896684377507637465|1139318535|90|62|2|(2452648)|5.000|36|26|0|0|(2452647)|empty
1896684377507637465|1139318535|91|31|1|(NULL)|.000|26|0|0|0|(2452638)|empty
1896684377507637465|1139318540|0|0|0|(2450604)|.000|0|0|0|0|()|empty
1896684377507637465|1139318540|1|2|1|(2450604)|.000|2|0|0|0|(2450604)|empty
1896684377507637465|1139318540|2|1|1|(2450609)|.000|1|0|0|0|(2450609)|empty
1896684377507637465|1139318540|3|1|1|(2450611)|.000|1|0|0|0|(2450611)|empty
1896684377507637465|1139318540|4|6|3|(2450614)|.816|3|2|0|0|(2450614)|empty
1896684377507637465|1139318540|5|3|1|(2450616)|.000|3|0|0|0|(2450616)|empty
1896684377507637465|1139318540|6|3|1|(2450619)|.000|3|0|0|0|(2450619)|empty
1896684377507637465|1139318540|7|1|1|(2450621)|.000|1|0|0|0|(2450621)|empty
1896684377507637465|1139318540|8|3|2|(2450624)|.500|2|1|0|0|(2450624)|empty
1896684377507637465|1139318540|9|1|1|(2450627)|.000|1|0|0|0|(2450627)|empty
1896684377507637465|1139318540|10|64|20|(2450648)|1.964|9|6|0|0|(2450646)|empty
1896684377507637465|1139318540|11|63|14|(2450662)|1.118|7|6|0|0|(2450649)|empty
1896684377507637465|1139318540|12|64|15|(2450677)|2.048|7|7|0|0|(2450665)|empty
1896684377507637465|1139318540|13|60|10|(2450687)|1.549|9|7|0|0|(2450687)|empty
1896684377507637465|1139318540|14|63|9|(2450696)|2.828|11|10|0|0|(2450693)|empty
1896684377507637465|1139318540|15|17|2|(2450698)|3.500|12|5|0|0|(2450698)|empty
1896684377507637465|1139318540|16|18|1|(2450699)|.000|18|0|0|0|(2450699)|empty
1896684377507637465|1139318540|17|55|8|(2450707)|3.722|14|10|0|0|(2450701)|empty
1896684377507637465|1139318540|18|19|1|(2450708)|.000|19|0|0|0|(2450708)|empty
1896684377507637465|1139318540|19|24|3|(2450711)|1.632|10|8|0|0|(2450711)|empty
1896684377507637465|1139318540|20|16|1|(2450712)|.000|16|0|0|0|(2450712)|empty
1896684377507637465|1139318540|21|47|4|(2450716)|1.920|14|13|0|0|(2450716)|empty
1896684377507637465|1139318540|22|17|1|(2450717)|.000|17|0|0|0|(2450717)|empty
1896684377507637465|1139318540|23|43|4|(2450721)|3.766|15|14|0|0|(2450718)|empty
1896684377507637465|1139318540|24|17|1|(2450722)|.000|17|0|0|0|(2450722)|empty
1896684377507637465|1139318540|25|24|1|(2450723)|.000|24|0|0|0|(2450723)|empty
1896684377507637465|1139318540|26|21|2|(2450725)|3.500|14|7|0|0|(2450725)|empty
1896684377507637465|1139318540|27|16|1|(2450726)|.000|16|0|0|0|(2450726)|empty
1896684377507637465|1139318540|28|39|4|(2450730)|2.586|14|9|0|0|(2450729)|empty
1896684377507637465|1139318540|29|18|1|(2450731)|.000|18|0|0|0|(2450731)|empty
1896684377507637465|1139318540|30|17|1|(2450732)|.000|17|0|0|0|(2450732)|empty
1896684377507637465|1139318540|31|47|4|(2450736)|2.586|15|13|0|0|(2450733)|empty
1896684377507637465|1139318540|32|17|1|(2450737)|.000|17|0|0|0|(2450737)|empty
1896684377507637465|1139318540|33|15|1|(2450738)|.000|15|0|0|0|(2450738)|empty
1896684377507637465|1139318540|34|16|1|(2450739)|.000|16|0|0|0|(2450739)|empty
1896684377507637465|1139318540|35|16|1|(2450740)|.000|16|0|0|0|(2450740)|empty
1896684377507637465|1139318540|36|34|3|(2450743)|.942|12|12|0|0|(2450742)|empty
1896684377507637465|1139318540|37|16|1|(2450744)|.000|16|0|0|0|(2450744)|empty
1896684377507637465|1139318540|38|22|1|(2450745)|.000|22|0|0|0|(2450745)|empty
1896684377507637465|1139318540|39|14|1|(2450746)|.000|14|0|0|0|(2450746)|empty
1896684377507637465|1139318540|40|22|1|(2450747)|.000|22|0|0|0|(2450747)|empty
1896684377507637465|1139318540|41|20|1|(2450748)|.000|20|0|0|0|(2450748)|empty
1896684377507637465|1139318540|42|21|1|(2450749)|.000|21|0|0|0|(2450749)|empty
1896684377507637465|1139318540|43|20|1|(2450750)|.000|20|0|0|0|(2450750)|empty
1896684377507637465|1139318540|44|40|3|(2450753)|1.699|15|14|0|0|(2450752)|empty
1896684377507637465|1139318540|45|19|1|(2450754)|.000|19|0|0|0|(2450754)|empty
1896684377507637465|1139318540|46|22|1|(2450755)|.000|22|0|0|0|(2450755)|empty
1896684377507637465|1139318540|47|29|1|(2450756)|.000|29|0|0|0|(2450756)|empty
1896684377507637465|1139318540|48|16|1|(2450757)|.000|16|0|0|0|(2450757)|empty
1896684377507637465|1139318540|49|19|1|(2450758)|.000|19|0|0|0|(2450758)|empty
1896684377507637465|1139318540|50|23|1|(2450759)|.000|23|0|0|0|(2450759)|empty
1896684377507637465|1139318540|51|21|2|(2450761)|1.500|12|9|0|0|(2450761)|empty
1896684377507637465|1139318540|52|22|1|(2450762)|.000|22|0|0|0|(2450762)|empty
1896684377507637465|1139318540|53|18|1|(2450763)|.000|18|0|0|0|(2450763)|empty
1896684377507637465|1139318540|54|19|1|(2450764)|.000|19|0|0|0|(2450764)|empty
1896684377507637465|1139318540|55|16|1|(2450765)|.000|16|0|0|0|(2450765)|empty
1896684377507637465|1139318540|56|25|1|(2450766)|.000|25|0|0|0|(2450766)|empty
1896684377507637465|1139318540|57|28|1|(2450767)|.000|28|0|0|0|(2450767)|empty
1896684377507637465|1139318540|58|16|1|(2450768)|.000|16|0|0|0|(2450768)|empty
1896684377507637465|1139318540|59|18|1|(2450769)|.000|18|0|0|0|(2450769)|empty
1896684377507637465|1139318540|60|29|1|(2450770)|.000|29|0|0|0|(2450770)|empty
1896684377507637465|1139318540|61|19|1|(2450771)|.000|19|0|0|0|(2450771)|empty
1896684377507637465|1139318540|62|28|1|(2450772)|.000|28|0|0|0|(2450772)|empty
1896684377507637465|1139318540|63|7|1|(2450773)|.000|7|0|0|0|(2450773)|empty
1896684377507637465|1139318540|64|23|1|(2450774)|.000|23|0|0|0|(2450774)|empty
1896684377507637465|1139318540|65|28|1|(2450775)|.000|28|0|0|0|(2450775)|empty
1896684377507637465|1139318540|66|27|1|(2450776)|.000|27|0|0|0|(2450776)|empty
1896684377507637465|1139318540|67|23|1|(2450777)|.000|23|0|0|0|(2450777)|empty
1896684377507637465|1139318540|68|31|1|(2450778)|.000|31|0|0|0|(2450778)|empty
1896684377507637465|1139318540|69|17|1|(2450779)|.000|17|0|0|0|(2450779)|empty
1896684377507637465|1139318540|70|27|1|(2450780)|.000|27|0|0|0|(2450780)|empty
1896684377507637465|1139318540|71|34|1|(2450781)|.000|34|0|0|0|(2450781)|empty
1896684377507637465|1139318540|72|24|1|(2450782)|.000|24|0|0|0|(2450782)|empty
1896684377507637465|1139318540|73|25|1|(2450783)|.000|25|0|0|0|(2450783)|empty
1896684377507637465|1139318540|74|30|1|(2450784)|.000|30|0|0|0|(2450784)|empty
1896684377507637465|1139318540|75|29|1|(2450785)|.000|29|0|0|0|(2450785)|empty
1896684377507637465|1139318540|76|18|1|(2450786)|.000|18|0|0|0|(2450786)|empty
1896684377507637465|1139318540|77|32|1|(2450787)|.000|32|0|0|0|(2450787)|empty
1896684377507637465|1139318540|78|30|1|(2450788)|.000|30|0|0|0|(2450788)|empty
1896684377507637465|1139318540|79|45|1|(2450789)|.000|45|0|0|0|(2450789)|empty
1896684377507637465|1139318540|80|22|1|(2450790)|.000|22|0|0|0|(2450790)|empty
1896684377507637465|1139318540|81|37|1|(2450791)|.000|37|0|0|0|(2450791)|empty
1896684377507637465|1139318540|82|33|1|(2450792)|.000|33|0|0|0|(2450792)|empty
1896684377507637465|1139318540|83|46|1|(2450793)|.000|46|0|0|0|(2450793)|empty
1896684377507637465|1139318540|84|30|1|(2450794)|.000|30|0|0|0|(2450794)|empty
1896684377507637465|1139318540|85|33|1|(2450795)|.000|33|0|0|0|(2450795)|empty
1896684377507637465|1139318540|86|22|1|(2450796)|.000|22|0|0|0|(2450796)|empty
1896684377507637465|1139318540|87|38|1|(2450797)|.000|38|0|0|0|(2450797)|empty
1896684377507637465|1139318540|88|35|1|(2450798)|.000|35|0|0|0|(2450798)|empty
1896684377507637465|1139318540|89|31|1|(2450799)|.000|31|0|0|0|(2450799)|empty
1896684377507637465|1139318540|90|40|1|(2450800)|.000|40|0|0|0|(2450800)|empty
1896684377507637465|1139318540|91|31|1|(2450801)|.000|31|0|0|0|(2450801)|empty
1896684377507637465|1139318540|92|29|1|(2450802)|.000|29|0|0|0|(2450802)|empty
1896684377507637465|1139318540|93|34|1|(2450803)|.000|34|0|0|0|(2450803)|empty
1896684377507637465|1139318540|94|40|1|(2450804)|.000|40|0|0|0|(2450804)|empty
1896684377507637465|1139318540|95|34|1|(2450805)|.000|34|0|0|0|(2450805)|empty
1896684377507637465|1139318540|96|25|1|(2450806)|.000|25|0|0|0|(2450806)|empty
1896684377507637465|1139318540|97|63|1|(2450807)|.000|63|0|0|0|(2450807)|empty
1896684377507637465|1139318540|98|62|1|(2450808)|.000|62|0|0|0|(2450808)|empty
1896684377507637465|1139318540|99|39|1|(2450809)|.000|39|0|0|0|(2450809)|empty
1896684377507637465|1139318540|100|68|1|(2450810)|.000|68|0|0|0|(2450810)|empty
1896684377507637465|1139318540|101|49|1|(2450811)|.000|49|0|0|0|(2450811)|empty
1896684377507637465|1139318540|102|61|1|(2450812)|.000|61|0|0|0|(2450812)|empty
1896684377507637465|1139318540|103|54|1|(2450813)|.000|54|0|0|0|(2450813)|empty
1896684377507637465|1139318540|104|56|1|(2450814)|.000|56|0|0|0|(2450814)|empty
1896684377507637465|1139318540|105|55|1|(2450815)|.000|55|0|0|0|(2450815)|empty
1896684377507637465|1139318540|106|33|1|(NULL)|.000|0|0|0|0|()|empty
1896684377507637465|1139318545|0|0|0|(DATE '1999-09-03')|.000|0|0|0|0|()|empty
1896684377507637465|1139318545|1|500|1|(DATE '1999-09-03')|.000|500|0|0|0|(DATE '1999-09-03')|empty
1896684377507637465|1139318545|2|500|1|(DATE '2000-09-02')|.000|500|0|0|0|(DATE '2000-09-02')|empty
1896684377507637465|1139318545|3|500|1|(DATE '2001-09-02')|.000|500|0|0|0|(DATE '2001-09-02')|empty
1896684377507637465|1139318545|4|1500|1|(NULL)|.000|0|0|0|0|()|empty
1896684377507637465|1139318550|0|0|0|(DATE '1997-09-03')|.000|0|0|0|0|()|empty
1896684377507637465|1139318550|1|1482|1|(DATE '1997-09-03')|.000|1482|0|0|0|(DATE '1997-09-03')|empty
1896684377507637465|1139318550|2|496|1|(DATE '1999-09-04')|.000|496|0|0|0|(DATE '1999-09-04')|empty
1896684377507637465|1139318550|3|494|1|(DATE '2000-09-03')|.000|494|0|0|0|(DATE '2000-09-03')|empty
1896684377507637465|1139318550|4|499|1|(DATE '2001-09-03')|.000|499|0|0|0|(DATE '2001-09-03')|empty
1896684377507637465|1139318550|5|29|1|(NULL)|.000|0|0|0|0|()|empty
1896684377507637465|1139318555|0|0|0|('AAAAAAAAAABAAAAA')|.000|0|0|0|0|()|empty
1896684377507637465|1139318555|1|47|19|('AAAAAAAAACDAAAAA')|.499|3|3|0|0|('AAAAAAAAAABAAAAA')|empty
1896684377507637465|1139318555|2|48|19|('AAAAAAAAAEHAAAAA')|.499|3|3|0|0|('AAAAAAAAACFAAAAA')|empty
1896684377507637465|1139318555|3|48|19|('AAAAAAAAAHAAAAAA')|.499|3|3|0|0|('AAAAAAAAAEJAAAAA')|empty
1896684377507637465|1139318555|4|47|19|('AAAAAAAAAJFAAAAA')|.499|3|3|0|0|('AAAAAAAAAHDAAAAA')|empty
1896684377507637465|1139318555|5|47|19|('AAAAAAAAALJAAAAA')|.499|3|3|0|0|('AAAAAAAAAJHAAAAA')|empty
1896684377507637465|1139318555|6|48|19|('AAAAAAAAAODAAAAA')|.499|3|3|0|0|('AAAAAAAAALLAAAAA')|empty
1896684377507637465|1139318555|7|48|31|('AAAAAAAABELAAAAA')|.796|3|3|0|0|('AAAAAAAAAOFAAAAA')|empty
1896684377507637465|1139318555|8|48|45|('AAAAAAAACACAAAAA')|.326|3|2|0|0|('AAAAAAAACACAAAAA')|empty
1896684377507637465|1139318555|9|48|19|('AAAAAAAACCGAAAAA')|.499|3|3|0|0|('AAAAAAAACAFAAAAA')|empty
1896684377507637465|1139318555|10|47|19|('AAAAAAAACELAAAAA')|.499|3|3|0|0|('AAAAAAAACCJAAAAA')|empty
1896684377507637465|1139318555|11|48|19|('AAAAAAAACHEAAAAA')|.499|3|3|0|0|('AAAAAAAACFAAAAAA')|empty
1896684377507637465|1139318555|12|47|19|('AAAAAAAACJIAAAAA')|.499|3|3|0|0|('AAAAAAAACHHAAAAA')|empty
1896684377507637465|1139318555|13|47|19|('AAAAAAAACMAAAAAA')|.499|3|3|0|0|('AAAAAAAACJLAAAAA')|empty
1896684377507637465|1139318555|14|48|19|('AAAAAAAACOHAAAAA')|.499|3|3|0|0|('AAAAAAAACMCAAAAA')|empty
1896684377507637465|1139318555|15|48|35|('AAAAAAAADGEAAAAA')|.679|3|3|0|0|('AAAAAAAACOJAAAAA')|empty
1896684377507637465|1139318555|16|47|41|('AAAAAAAAEAEAAAAA')|.471|3|3|0|0|('AAAAAAAAEAAAAAAA')|empty
1896684377507637465|1139318555|17|48|19|('AAAAAAAAECKAAAAA')|.499|3|3|0|0|('AAAAAAAAEAGAAAAA')|empty
1896684377507637465|1139318555|18|47|19|('AAAAAAAAEFCAAAAA')|.499|3|3|0|0|('AAAAAAAAEDAAAAAA')|empty
1896684377507637465|1139318555|19|47|19|('AAAAAAAAEHGAAAAA')|.499|3|3|0|0|('AAAAAAAAEFEAAAAA')|empty
1896684377507637465|1139318555|20|48|19|('AAAAAAAAEJKAAAAA')|.499|3|3|0|0|('AAAAAAAAEHIAAAAA')|empty
1896684377507637465|1139318555|21|48|19|('AAAAAAAAEMDAAAAA')|.499|3|3|0|0|('AAAAAAAAEKCAAAAA')|empty
1896684377507637465|1139318555|22|47|19|('AAAAAAAAEOKAAAAA')|.499|3|3|0|0|('AAAAAAAAEMGAAAAA')|empty
1896684377507637465|1139318555|23|48|36|('AAAAAAAAFGLAAAAA')|.666|3|3|0|0|('AAAAAAAAEPAAAAAA')|empty
1896684377507637465|1139318555|24|47|39|('AAAAAAAAGAHAAAAA')|.562|3|3|0|0|('AAAAAAAAGABAAAAA')|empty
1896684377507637465|1139318555|25|47|19|('AAAAAAAAGCLAAAAA')|.499|3|3|0|0|('AAAAAAAAGAKAAAAA')|empty
1896684377507637465|1139318555|26|47|19|('AAAAAAAAGFDAAAAA')|.499|3|3|0|0|('AAAAAAAAGDBAAAAA')|empty
1896684377507637465|1139318555|27|48|19|('AAAAAAAAGHHAAAAA')|.499|3|3|0|0|('AAAAAAAAGFFAAAAA')|empty
1896684377507637465|1139318555|28|48|19|('AAAAAAAAGKAAAAAA')|.499|3|3|0|0|('AAAAAAAAGHJAAAAA')|empty
1896684377507637465|1139318555|29|47|19|('AAAAAAAAGMFAAAAA')|.499|3|3|0|0|('AAAAAAAAGKDAAAAA')|empty
1896684377507637465|1139318555|30|48|19|('AAAAAAAAGPBAAAAA')|.499|3|3|0|0|('AAAAAAAAGMHAAAAA')|empty
1896684377507637465|1139318555|31|49|40|('AAAAAAAAHIEAAAAA')|.569|3|3|0|0|('AAAAAAAAGPEAAAAA')|empty
1896684377507637465|1139318555|32|49|37|('AAAAAAAAIALAAAAA')|.659|3|3|0|0|('AAAAAAAAIACAAAAA')|empty
1896684377507637465|1139318555|33|47|19|('AAAAAAAAIDDAAAAA')|.499|3|3|0|0|('AAAAAAAAIBBAAAAA')|empty
1896684377507637465|1139318555|34|48|19|('AAAAAAAAIFHAAAAA')|.499|3|3|0|0|('AAAAAAAAIDFAAAAA')|empty
1896684377507637465|1139318555|35|48|19|('AAAAAAAAIIAAAAAA')|.499|3|3|0|0|('AAAAAAAAIFJAAAAA')|empty
1896684377507637465|1139318555|36|47|19|('AAAAAAAAIKFAAAAA')|.499|3|3|0|0|('AAAAAAAAIIDAAAAA')|empty
1896684377507637465|1139318555|37|47|19|('AAAAAAAAIMJAAAAA')|.499|3|3|0|0|('AAAAAAAAIKHAAAAA')|empty
1896684377507637465|1139318555|38|48|19|('AAAAAAAAIPFAAAAA')|.499|3|3|0|0|('AAAAAAAAINBAAAAA')|empty
1896684377507637465|1139318555|39|49|45|('AAAAAAAAJKDAAAAA')|.354|3|2|0|0|('AAAAAAAAIPIAAAAA')|empty
1896684377507637465|1139318555|40|47|31|('AAAAAAAAKBDAAAAA')|.756|3|3|0|0|('AAAAAAAAKAAAAAAA')|empty
1896684377507637465|1139318555|41|48|19|('AAAAAAAAKDHAAAAA')|.499|3|3|0|0|('AAAAAAAAKBFAAAAA')|empty
1896684377507637465|1139318555|42|48|19|('AAAAAAAAKGAAAAAA')|.499|3|3|0|0|('AAAAAAAAKDJAAAAA')|empty
1896684377507637465|1139318555|43|47|19|('AAAAAAAAKIFAAAAA')|.499|3|3|0|0|('AAAAAAAAKGDAAAAA')|empty
1896684377507637465|1139318555|44|50|20|('AAAAAAAAKKLAAAAA')|.500|3|3|0|0|('AAAAAAAAKIHAAAAA')|empty
1896684377507637465|1139318555|45|50|20|('AAAAAAAAKNGAAAAA')|.500|3|3|0|0|('AAAAAAAAKLBAAAAA')|empty
1896684377507637465|1139318555|46|50|24|('AAAAAAAALBHAAAAA')|.812|3|3|0|0|('AAAAAAAAKNIAAAAA')|empty
1896684377507637465|1139318555|47|50|50|('AAAAAAAALODAAAAA')|.000|1|1|0|0|('AAAAAAAALBKAAAAA')|empty
1896684377507637465|1139318555|48|50|23|('AAAAAAAAMCCAAAAA')|.760|3|3|0|0|('AAAAAAAAMABAAAAA')|empty
1896684377507637465|1139318555|49|50|20|('AAAAAAAAMEHAAAAA')|.500|3|3|0|0|('AAAAAAAAMCFAAAAA')|empty
1896684377507637465|1139318555|50|50|20|('AAAAAAAAMHBAAAAA')|.500|3|3|0|0|('AAAAAAAAMEJAAAAA')|empty
1896684377507637465|1139318555|51|50|20|('AAAAAAAAMJIAAAAA')|.500|3|3|0|0|('AAAAAAAAMHDAAAAA')|empty
1896684377507637465|1139318555|52|50|20|('AAAAAAAAMMEAAAAA')|.500|3|3|0|0|('AAAAAAAAMJKAAAAA')|empty
1896684377507637465|1139318555|53|50|20|('AAAAAAAAMPBAAAAA')|.500|3|3|0|0|('AAAAAAAAMMHAAAAA')|empty
1896684377507637465|1139318555|54|50|41|('AAAAAAAANIHAAAAA')|.563|3|3|0|0|('AAAAAAAAMPEAAAAA')|empty
1896684377507637465|1139318555|55|48|36|('AAAAAAAAOALAAAAA')|.666|3|3|0|0|('AAAAAAAAOACAAAAA')|empty
1896684377507637465|1139318555|56|50|20|('AAAAAAAAODFAAAAA')|.500|3|3|0|0|('AAAAAAAAOBBAAAAA')|empty
1896684377507637465|1139318555|57|50|20|('AAAAAAAAOFKAAAAA')|.500|3|3|0|0|('AAAAAAAAODIAAAAA')|empty
1896684377507637465|1139318555|58|50|20|('AAAAAAAAOIEAAAAA')|.500|3|3|0|0|('AAAAAAAAOGCAAAAA')|empty
1896684377507637465|1139318555|59|50|20|('AAAAAAAAOKLAAAAA')|.500|3|3|0|0|('AAAAAAAAOIGAAAAA')|empty
1896684377507637465|1139318555|60|50|20|('AAAAAAAAONHAAAAA')|.500|3|3|0|0|('AAAAAAAAOLAAAAAA')|empty
1896684377507637465|1139318555|61|52|27|('AAAAAAAAPCFAAAAA')|.813|3|3|0|0|('AAAAAAAAONKAAAAA')|empty
1896684377507637465|1139318555|62|52|52|('AAAAAAAAPPKAAAAA')|.000|1|1|0|0|('AAAAAAAAPCIAAAAA')|empty
1896684377507637465|1139318560|0|0|0|(1)|.000|0|0|0|0|()|empty
1896684377507637465|1139318560|1|62|62|(62)|.000|1|1|0|0|(1)|empty
1896684377507637465|1139318560|2|62|62|(124)|.000|1|1|0|0|(63)|empty
1896684377507637465|1139318560|3|62|62|(186)|.000|1|1|0|0|(125)|empty
1896684377507637465|1139318560|4|62|62|(248)|.000|1|1|0|0|(187)|empty
1896684377507637465|1139318560|5|62|62|(310)|.000|1|1|0|0|(249)|empty
1896684377507637465|1139318560|6|62|62|(372)|.000|1|1|0|0|(311)|empty
1896684377507637465|1139318560|7|62|62|(434)|.000|1|1|0|0|(373)|empty
1896684377507637465|1139318560|8|62|62|(496)|.000|1|1|0|0|(435)|empty
1896684377507637465|1139318560|9|62|62|(558)|.000|1|1|0|0|(497)|empty
1896684377507637465|1139318560|10|62|62|(620)|.000|1|1|0|0|(559)|empty
1896684377507637465|1139318560|11|62|62|(682)|.000|1|1|0|0|(621)|empty
1896684377507637465|1139318560|12|62|62|(744)|.000|1|1|0|0|(683)|empty
1896684377507637465|1139318560|13|62|62|(806)|.000|1|1|0|0|(745)|empty
1896684377507637465|1139318560|14|62|62|(868)|.000|1|1|0|0|(807)|empty
1896684377507637465|1139318560|15|62|62|(930)|.000|1|1|0|0|(869)|empty
1896684377507637465|1139318560|16|62|62|(992)|.000|1|1|0|0|(931)|empty
1896684377507637465|1139318560|17|62|62|(1054)|.000|1|1|0|0|(993)|empty
1896684377507637465|1139318560|18|62|62|(1116)|.000|1|1|0|0|(1055)|empty
1896684377507637465|1139318560|19|62|62|(1178)|.000|1|1|0|0|(1117)|empty
1896684377507637465|1139318560|20|62|62|(1240)|.000|1|1|0|0|(1179)|empty
1896684377507637465|1139318560|21|62|62|(1302)|.000|1|1|0|0|(1241)|empty
1896684377507637465|1139318560|22|62|62|(1364)|.000|1|1|0|0|(1303)|empty
1896684377507637465|1139318560|23|62|62|(1426)|.000|1|1|0|0|(1365)|empty
1896684377507637465|1139318560|24|62|62|(1488)|.000|1|1|0|0|(1427)|empty
1896684377507637465|1139318560|25|63|63|(1551)|.000|1|1|0|0|(1489)|empty
1896684377507637465|1139318560|26|63|63|(1614)|.000|1|1|0|0|(1552)|empty
1896684377507637465|1139318560|27|63|63|(1677)|.000|1|1|0|0|(1615)|empty
1896684377507637465|1139318560|28|63|63|(1740)|.000|1|1|0|0|(1678)|empty
1896684377507637465|1139318560|29|63|63|(1803)|.000|1|1|0|0|(1741)|empty
1896684377507637465|1139318560|30|63|63|(1866)|.000|1|1|0|0|(1804)|empty
1896684377507637465|1139318560|31|63|63|(1929)|.000|1|1|0|0|(1867)|empty
1896684377507637465|1139318560|32|63|63|(1992)|.000|1|1|0|0|(1930)|empty
1896684377507637465|1139318560|33|63|63|(2055)|.000|1|1|0|0|(1993)|empty
1896684377507637465|1139318560|34|63|63|(2118)|.000|1|1|0|0|(2056)|empty
1896684377507637465|1139318560|35|63|63|(2181)|.000|1|1|0|0|(2119)|empty
1896684377507637465|1139318560|36|63|63|(2244)|.000|1|1|0|0|(2182)|empty
1896684377507637465|1139318560|37|63|63|(2307)|.000|1|1|0|0|(2245)|empty
1896684377507637465|1139318560|38|63|63|(2370)|.000|1|1|0|0|(2308)|empty
1896684377507637465|1139318560|39|63|63|(2433)|.000|1|1|0|0|(2371)|empty
1896684377507637465|1139318560|40|63|63|(2496)|.000|1|1|0|0|(2434)|empty
1896684377507637465|1139318560|41|63|63|(2559)|.000|1|1|0|0|(2497)|empty
1896684377507637465|1139318560|42|63|63|(2622)|.000|1|1|0|0|(2560)|empty
1896684377507637465|1139318560|43|63|63|(2685)|.000|1|1|0|0|(2623)|empty
1896684377507637465|1139318560|44|63|63|(2748)|.000|1|1|0|0|(2686)|empty
1896684377507637465|1139318560|45|63|63|(2811)|.000|1|1|0|0|(2749)|empty
1896684377507637465|1139318560|46|63|63|(2874)|.000|1|1|0|0|(2812)|empty
1896684377507637465|1139318560|47|63|63|(2937)|.000|1|1|0|0|(2875)|empty
1896684377507637465|1139318560|48|63|63|(3000)|.000|1|1|0|0|(2938)|empty
