6423927512735920956|600973117|0|0|0|(2450820)|.000|0|0|0|0|()|empty
6423927512735920956|600973117|1|5784352|151|(2450973)|78.868|81708|79485|0|0|(2450969)|empty
6423927512735920956|600973117|2|5717374|67|(2451040)|.000|95882|94770|0|0|(2451027)|empty
6423927512735920956|600973117|3|5745722|52|(2451092)|21.735|134235|130900|0|0|(2451091)|empty
6423927512735920956|600973117|4|5752114|41|(2451133)|.000|164528|163139|0|0|(2451133)|empty
6423927512735920956|600973117|5|5693751|32|(2451165)|.000|204827|193432|0|0|(2451158)|empty
6423927512735920956|600973117|6|5737106|27|(2451192)|.000|233175|229284|0|0|(2451188)|empty
6423927512735920956|600973117|7|5684301|26|(2451218)|.000|231229|228450|0|0|(2451194)|empty
6423927512735920956|600973117|8|5608151|27|(2451245)|.000|226504|221502|0|0|(2451220)|empty
6423927512735920956|600973117|9|5783797|31|(2451276)|.000|203715|199824|0|0|(2451250)|empty
6423927512735920956|600973117|10|5763509|35|(2451311)|.000|179814|179258|0|0|(2451285)|empty
6423927512735920956|600973117|11|5727935|47|(2451358)|51.768|154245|151744|0|0|(2451312)|empty
6423927512735920956|600973117|12|5758784|64|(2451422)|8.548|111723|107555|0|0|(2451422)|empty
6423927512735920956|600973117|13|5714873|48|(2451470)|11.833|137292|136458|0|0|(2451468)|empty
6423927512735920956|600973117|14|5669850|38|(2451508)|.000|177035|176201|0|0|(2451508)|empty
6423927512735920956|600973117|15|5669572|30|(2451538)|.000|216777|211775|0|0|(2451533)|empty
6423927512735920956|600973117|16|5648450|26|(2451564)|.000|228728|228172|0|0|(2451550)|empty
6423927512735920956|600973117|17|5677631|26|(2451590)|.000|235676|231507|0|0|(2451570)|empty
6423927512735920956|600973117|18|5826319|29|(2451619)|.000|216777|215666|0|0|(2451594)|empty
6423927512735920956|600973117|19|5693473|31|(2451650)|.000|193988|193432|0|0|(2451629)|empty
6423927512735920956|600973117|20|5747389|36|(2451686)|30.573|190097|185928|0|0|(2451655)|empty
6423927512735920956|600973117|21|5804363|54|(2451740)|58.249|142295|139515|0|0|(2451688)|empty
6423927512735920956|600973117|22|5789633|60|(2451800)|16.793|118116|113113|0|0|(2451798)|empty
6423927512735920956|600973117|23|5796303|46|(2451846)|6.870|148687|146186|0|0|(2451844)|empty
6423927512735920956|600973117|24|5769345|36|(2451882)|17.298|180926|180648|0|0|(2451879)|empty
6423927512735920956|600973117|25|5732103|29|(2451911)|.000|222058|216499|0|0|(2451899)|empty
6423927512735920956|600973117|26|5693194|26|(2451937)|.000|230395|230117|0|0|(2451915)|empty
6423927512735920956|600973117|27|5756282|27|(2451964)|.000|225671|224837|0|0|(2451940)|empty
6423927512735920956|600973117|28|5859946|30|(2451994)|.000|218167|210941|0|0|(2451965)|empty
6423927512735920956|600973117|29|5720986|33|(2452027)|.000|193154|188151|0|0|(2451996)|empty
6423927512735920956|600973117|30|5807697|41|(2452068)|47.290|178980|178702|0|0|(2452028)|empty
6423927512735920956|600973117|31|5841881|63|(2452131)|25.647|124230|121729|0|0|(2452069)|empty
6423927512735920956|600973117|32|5788243|54|(2452185)|25.630|132289|129788|0|0|(2452176)|empty
6423927512735920956|600973117|33|5855499|42|(2452227)|.000|167585|162027|0|0|(2452227)|empty
6423927512735920956|600973117|34|5779905|33|(2452260)|20.343|205660|202881|0|0|(2452259)|empty
6423927512735920956|600973117|35|5708480|27|(2452287)|.000|229284|225671|0|0|(2452278)|empty
6423927512735920956|600973117|36|5755170|26|(2452313)|.000|237899|231785|0|0|(2452298)|empty
6423927512735920956|600973117|37|5817980|28|(2452341)|.000|221780|220112|0|0|(2452336)|empty
6423927512735920956|600973117|38|5799081|31|(2452372)|.000|211219|207050|0|0|(2452343)|empty
6423927512735920956|600973117|39|5914140|36|(2452408)|.000|181203|180370|0|0|(2452373)|empty
6423927512735920956|600973117|40|5939709|50|(2452458)|56.207|153134|152578|0|0|(2452415)|empty
6423927512735920956|600973117|41|5912473|65|(2452523)|13.765|112001|111445|0|0|(2452520)|empty
6423927512735920956|600973117|42|5861336|48|(2452571)|11.558|145908|138682|0|0|(2452566)|empty
6423927512735920956|600973117|43|5873008|38|(2452609)|.000|184261|173978|0|0|(2452604)|empty
6423927512735920956|600973117|44|5836879|30|(2452639)|.000|217055|216777|0|0|(2452639)|empty
6423927512735920956|600973117|45|6009467|28|(2452667)|.000|244847|224837|0|0|(2452654)|empty
6423927512735920956|600973117|46|5947491|31|(2452698)|.000|220390|213720|0|0|(2452673)|empty
6423927512735920956|600973117|47|6026976|39|(2452737)|19.914|180926|178146|0|0|(2452702)|empty
6423927512735920956|600973117|48|6118134|85|(2452822)|141.059|141183|132289|0|0|(2452738)|empty
6423927512735920956|600973120|0|0|0|(5.2999997E-001)|.000|0|0|0|0|()|empty
6423927512735920956|600973120|1|14471|156|(1.6399999E+000)|.440|834|556|0|0|(1.4199999E+000)|empty
6423927512735920956|600973120|2|6314736|2769|(2.9659999E+001)|4.709|6957|6957|0|0|(2.7139999E+001)|empty
6423927512735920956|600973120|3|6314458|1365|(4.3310001E+001)|4.324|9461|8905|0|0|(4.2869998E+001)|empty
6423927512735920956|600973120|4|6310840|1106|(5.4369998E+001)|4.475|11131|10853|0|0|(4.6500000E+001)|empty
6423927512735920956|600973120|5|6312231|978|(6.4150001E+001)|4.855|12523|11131|0|0|(6.1200000E+001)|empty
6423927512735920956|600973120|6|6307779|877|(7.2919998E+001)|4.904|13079|12244|0|0|(6.9830001E+001)|empty
6423927512735920956|600973120|7|6309448|825|(8.1169998E+001)|5.056|12801|11966|0|0|(7.7669998E+001)|empty
6423927512735920956|600973120|8|6315571|772|(8.8889999E+001)|5.364|13358|13079|0|0|(8.5129997E+001)|empty
6423927512735920956|600973120|9|6313623|738|(9.6269996E+001)|5.001|12801|12523|0|0|(9.5739997E+001)|empty
6423927512735920956|600973120|10|6309448|714|(1.0341000E+002)|5.501|13636|13358|0|0|(1.0263999E+002)|empty
6423927512735920956|600973120|11|6309448|781|(1.1122000E+002)|5.132|13079|12523|0|0|(1.0666000E+002)|empty
6423927512735920956|600973120|12|6311396|858|(1.1980000E+002)|4.987|12244|11409|0|0|(1.1148000E+002)|empty
6423927512735920956|600973120|13|6312231|956|(1.2936000E+002)|4.921|11409|11131|0|0|(1.2575000E+002)|empty
6423927512735920956|600973120|14|6312788|1048|(1.3983999E+002)|4.605|10853|10575|0|0|(1.3332000E+002)|empty
6423927512735920956|600973120|15|6313344|1155|(1.5138999E+002)|4.455|10575|9740|0|0|(1.4475000E+002)|empty
6423927512735920956|600973120|16|6316684|1261|(1.6400000E+002)|4.235|9183|8905|0|0|(1.5655999E+002)|empty
6423927512735920956|600973120|17|6315571|1391|(1.7791000E+002)|3.926|8348|8070|0|0|(1.6877000E+002)|empty
6423927512735920956|600973120|18|6315571|1503|(1.9294000E+002)|3.906|8070|8070|0|0|(1.8903999E+002)|empty
6423927512735920956|600973120|19|6316127|1641|(2.0935000E+002)|3.752|7513|7513|0|0|(2.0071000E+002)|empty
6423927512735920956|600973120|20|6317797|1788|(2.2722999E+002)|3.574|7513|7235|0|0|(2.2141000E+002)|empty
6423927512735920956|600973120|21|6315849|1937|(2.4660000E+002)|3.311|6679|6400|0|0|(2.2992999E+002)|empty
6423927512735920956|600973120|22|6316962|2108|(2.6767001E+002)|3.314|6679|6400|0|0|(2.5133000E+002)|empty
6423927512735920956|600973120|23|6316962|2304|(2.9070001E+002)|3.121|6679|6400|0|0|(2.7835000E+002)|empty
6423927512735920956|600973120|24|6316962|2506|(3.1575000E+002)|2.962|6122|5844|0|0|(2.9532998E+002)|empty
6423927512735920956|600973120|25|6317241|2756|(3.4329998E+002)|2.816|5844|5287|0|0|(3.2517001E+002)|empty
6423927512735920956|600973120|26|6318632|2996|(3.7325000E+002)|2.688|5287|5287|0|0|(3.4345001E+002)|empty
6423927512735920956|600973120|27|6318632|3341|(4.0664001E+002)|2.600|4730|4730|0|0|(3.7908999E+002)|empty
6423927512735920956|600973120|28|6317240|3672|(4.4332000E+002)|2.470|4452|4174|0|0|(4.2183999E+002)|empty
6423927512735920956|600973120|29|6316126|4023|(4.8354000E+002)|2.397|4730|4452|0|0|(4.4879998E+002)|empty
6423927512735920956|600973120|30|6318353|4427|(5.2783001E+002)|2.237|4452|4174|0|0|(4.9044000E+002)|empty
6423927512735920956|600973120|31|6316683|4937|(5.7717999E+002)|2.102|3896|3617|0|0|(5.3884002E+002)|empty
6423927512735920956|600973120|32|6318909|5539|(6.3261999E+002)|1.964|3339|3339|0|0|(5.9903002E+002)|empty
6423927512735920956|600973120|33|6318074|6234|(6.9485998E+002)|1.863|3617|3617|0|0|(6.7904998E+002)|empty
6423927512735920956|600973120|34|6318074|7017|(7.6501000E+002)|1.702|3061|2782|0|0|(7.1260998E+002)|empty
6423927512735920956|600973120|35|6318074|7924|(8.4467999E+002)|1.562|2782|2782|0|0|(7.7702001E+002)|empty
6423927512735920956|600973120|36|5347947|7716|(9.2190002E+002)|1.447|2504|2504|0|0|(8.4522998E+002)|empty
6423927512735920956|600973120|37|5784588|9606|(1.0176500E+003)|1.325|2782|2504|0|0|(1.0086599E+003)|empty
6423927512735920956|600973120|38|5784309|11026|(1.1284799E+003)|1.187|2226|2226|0|0|(1.0233099E+003)|empty
6423927512735920956|600973120|39|3164185|7017|(1.1985600E+003)|1.100|2226|2226|0|0|(1.1709200E+003)|empty
6423927512735920956|600973120|40|4590991|11523|(1.3125999E+003)|1.031|2226|1948|0|0|(1.2616800E+003)|empty
6423927512735920956|600973120|41|5322066|15565|(1.4690600E+003)|.920|2226|1948|0|0|(1.3185999E+003)|empty
6423927512735920956|600973120|42|5634866|20607|(1.6761800E+003)|.807|1948|1669|0|0|(1.5271999E+003)|empty
6423927512735920956|600973120|43|5121138|25282|(1.9250300E+003)|.684|1669|1669|0|0|(1.8703199E+003)|empty
6423927512735920956|600973120|44|5458707|36459|(2.2938400E+003)|.565|1391|1391|0|0|(2.2537500E+003)|empty
6423927512735920956|600973120|45|5656295|62600|(2.9381599E+003)|.417|1391|1391|0|0|(2.4480600E+003)|empty
6423927512735920956|600973120|46|5781248|168608|(5.3952099E+003)|.250|1113|1113|0|0|(3.6815200E+003)|empty
6423927512735920956|600973120|47|440815|159757|(9.3053896E+003)|.043|556|556|0|0|(5.8815400E+003)|empty
6423927512735920956|600973120|48|5106667|1|(NULL)|.000|3896|3617|0|0|(5.3884002E+002)|empty
6423927512735920956|600973127|0|0|0|(0.0000000E+000)|.000|0|0|0|0|()|empty
6423927512735920956|600973127|1|8023832|1|(0.0000000E+000)|.000|8023832|0|0|0|(0.0000000E+000)|empty
6423927512735920956|600973127|2|5738774|33|(3.3000001E-001)|55.029|214554|212330|0|0|(7.0000000E-002)|empty
6423927512735920956|600973127|3|5708203|45|(7.7999997E-001)|24.256|149521|148409|0|0|(3.7000000E-001)|empty
6423927512735920956|600973127|4|5672907|57|(1.3500000E+000)|9.549|119505|115614|0|0|(8.1000000E-001)|empty
6423927512735920956|600973127|5|5693473|69|(2.0399999E+000)|.000|97827|93937|0|0|(1.3600000E+000)|empty
6423927512735920956|600973127|6|5736828|82|(2.8599998E+000)|10.335|86989|84209|0|0|(2.2400000E+000)|empty
6423927512735920956|600973127|7|5714873|94|(3.7999999E+000)|.000|71981|71425|0|0|(3.0799999E+000)|empty
6423927512735920956|600973127|8|5713205|109|(4.8899998E+000)|6.394|68090|64199|0|0|(4.1999998E+000)|empty
6423927512735920956|600973127|9|5719041|125|(6.1399998E+000)|6.201|56139|54472|0|0|(5.0500001E+000)|empty
6423927512735920956|600973127|10|5729880|142|(7.5599999E+000)|8.330|53916|50859|0|0|(6.2399997E+000)|empty
6423927512735920956|600973127|11|5737940|163|(9.1899995E+000)|7.883|43633|43077|0|0|(8.4600000E+000)|empty
6423927512735920956|600973127|12|5744888|183|(1.1020000E+001)|6.859|43355|41410|0|0|(9.7100000E+000)|empty
6423927512735920956|600973127|13|5744888|203|(1.3050000E+001)|6.170|36685|34740|0|0|(1.2449999E+001)|empty
6423927512735920956|600973127|14|5733771|228|(1.5329999E+001)|7.343|35573|33350|0|0|(1.3340000E+001)|empty
6423927512735920956|600973127|15|5743221|252|(1.7850000E+001)|6.588|30293|30015|0|0|(1.7389999E+001)|empty
6423927512735920956|600973127|16|5729880|283|(2.0680000E+001)|7.402|28903|27792|0|0|(1.8479999E+001)|empty
6423927512735920956|600973127|17|5744888|314|(2.3819999E+001)|7.493|26680|25012|0|0|(2.2079999E+001)|empty
6423927512735920956|600973127|18|5741831|353|(2.7350000E+001)|6.083|23067|22511|0|0|(2.5079999E+001)|empty
6423927512735920956|600973127|19|5738218|389|(3.1239999E+001)|7.296|21955|21399|0|0|(2.7940000E+001)|empty
6423927512735920956|600973127|20|5742943|434|(3.5580001E+001)|6.217|20566|19454|0|0|(3.1500000E+001)|empty
6423927512735920956|600973127|21|5742665|485|(4.0430000E+001)|6.298|19732|17786|0|0|(3.5900001E+001)|empty
6423927512735920956|600973127|22|5745166|533|(4.5759998E+001)|5.602|16953|16397|0|0|(4.0669998E+001)|empty
6423927512735920956|600973127|23|5746000|595|(5.1709999E+001)|5.748|16397|15563|0|0|(4.6240001E+001)|empty
6423927512735920956|600973127|24|5750724|666|(5.8369998E+001)|5.197|13896|13618|0|0|(5.3880001E+001)|empty
6423927512735920956|600973127|25|5746834|742|(6.5790000E+001)|5.325|13896|12506|0|0|(5.8680000E+001)|empty
6423927512735920956|600973127|26|5749057|833|(7.4120002E+001)|4.826|11394|11116|0|0|(6.9209999E+001)|empty
6423927512735920956|600973127|27|5752114|921|(8.3330001E+001)|4.614|10838|10560|0|0|(7.6610000E+001)|empty
6423927512735920956|600973127|28|5750168|1042|(9.3750000E+001)|4.389|10283|9449|0|0|(8.4239997E+001)|empty
6423927512735920956|600973127|29|5751001|1184|(1.0558999E+002)|3.947|9171|8893|0|0|(1.0029000E+002)|empty
6423927512735920956|600973127|30|5751557|1335|(1.1894000E+002)|3.933|8337|7781|0|0|(1.1805000E+002)|empty
6423927512735920956|600973127|31|5754336|1505|(1.3399000E+002)|3.670|8893|8337|0|0|(1.2055999E+002)|empty
6423927512735920956|600973127|32|5751279|1718|(1.5116000E+002)|3.430|7503|6670|0|0|(1.3605000E+002)|empty
6423927512735920956|600973127|33|5754058|1961|(1.7077000E+002)|3.244|6392|6392|0|0|(1.6302000E+002)|empty
6423927512735920956|600973127|34|5754336|2227|(1.9302999E+002)|3.001|6114|5558|0|0|(1.8275999E+002)|empty
6423927512735920956|600973127|35|5753781|2587|(2.1889999E+002)|2.811|5558|5002|0|0|(2.0358000E+002)|empty
6423927512735920956|600973127|36|5753503|2993|(2.4885000E+002)|2.575|5280|5280|0|0|(2.2227000E+002)|empty
6423927512735920956|600973127|37|5754336|3536|(2.8419000E+002)|2.381|4446|4168|0|0|(2.7132000E+002)|empty
6423927512735920956|600973127|38|5754336|4201|(3.2617999E+002)|2.196|4446|4168|0|0|(2.9182998E+002)|empty
6423927512735920956|600973127|39|3996769|3314|(3.5945001E+002)|2.004|3890|3612|0|0|(3.5401000E+002)|empty
6423927512735920956|600973127|40|5579247|5579|(4.1514999E+002)|1.795|3612|3335|0|0|(3.6789999E+002)|empty
6423927512735920956|600973127|41|2101354|2460|(4.3961999E+002)|1.674|3057|2779|0|0|(4.3076998E+002)|empty
6423927512735920956|600973127|42|4920854|6477|(5.0430999E+002)|1.544|2779|2501|0|0|(4.7376000E+002)|empty
6423927512735920956|600973127|43|4750489|7539|(5.8008001E+002)|1.363|3057|2779|0|0|(5.3779998E+002)|empty
6423927512735920956|600973127|44|5034245|10256|(6.8292999E+002)|1.168|2223|2223|0|0|(6.5025000E+002)|empty
6423927512735920956|600973127|45|4142399|10980|(7.9167999E+002)|1.009|2223|2223|0|0|(6.8796002E+002)|empty
6423927512735920956|600973127|46|5137354|18328|(9.7413000E+002)|.816|1945|1667|0|0|(9.1367999E+002)|empty
6423927512735920956|600973127|47|5113175|27449|(1.2484899E+003)|.641|1389|1389|0|0|(1.0885000E+003)|empty
6423927512735920956|600973127|48|5785185|57597|(1.8380899E+003)|.452|1389|1389|0|0|(1.2719000E+003)|empty
6423927512735920956|600973127|49|4886670|144251|(3.7621699E+003)|.237|833|833|0|0|(2.8591999E+003)|empty
6423927512735920956|600973127|50|961603|204036|(1.2972799E+004)|.013|555|555|0|0|(3.8657099E+003)|empty
6423927512735920956|600973127|51|5142078|1|(NULL)|.000|2779|2501|0|0|(4.7376000E+002)|empty
6423927512735920956|600973131|0|0|0|(0.0000000E+000)|.000|0|0|0|0|()|empty
6423927512735920956|600973131|1|5552566|1|(0.0000000E+000)|.000|5552566|0|0|0|(0.0000000E+000)|empty
6423927512735920956|600973131|2|5625938|32|(3.1999999E-001)|66.538|223169|214554|0|0|(9.9999997E-003)|empty
6423927512735920956|600973131|3|5651507|45|(7.6999998E-001)|21.384|150354|146741|0|0|(3.6000001E-001)|empty
6423927512735920956|600973131|4|5657343|57|(1.3400000E+000)|11.517|119505|112279|0|0|(7.7999997E-001)|empty
6423927512735920956|600973131|5|5634832|68|(2.0199999E+000)|2.020|98939|98105|0|0|(1.3999999E+000)|empty
6423927512735920956|600973131|6|5640390|80|(2.8199999E+000)|10.444|85321|82542|0|0|(2.1600000E+000)|empty
6423927512735920956|600973131|7|5651229|93|(3.7500000E+000)|6.296|72537|72537|0|0|(2.8800001E+000)|empty
6423927512735920956|600973131|8|5654564|107|(4.8200001E+000)|2.678|63643|61420|0|0|(4.1399998E+000)|empty
6423927512735920956|600973131|9|5672629|122|(6.0399999E+000)|4.093|65033|57529|0|0|(4.9800000E+000)|empty
6423927512735920956|600973131|10|5662346|139|(7.4299998E+000)|3.982|48636|48358|0|0|(6.3099999E+000)|empty
6423927512735920956|600973131|11|5679021|156|(8.9899997E+000)|8.053|46412|45300|0|0|(7.5599999E+000)|empty
6423927512735920956|600973131|12|5677076|175|(1.0739999E+001)|9.256|41965|41965|0|0|(9.1199998E+000)|empty
6423927512735920956|600973131|13|5665959|196|(1.2699999E+001)|8.019|38352|37797|0|0|(1.0979999E+001)|empty
6423927512735920956|600973131|14|5657621|215|(1.4850000E+001)|6.809|34740|34462|0|0|(1.3680000E+001)|empty
6423927512735920956|600973131|15|5657621|241|(1.7260000E+001)|6.759|31682|30849|0|0|(1.6530000E+001)|empty
6423927512735920956|600973131|16|5655954|268|(1.9940000E+001)|7.730|28903|28625|0|0|(1.8690000E+001)|empty
6423927512735920956|600973131|17|5666237|301|(2.2950000E+001)|7.088|27792|25846|0|0|(2.1340000E+001)|empty
6423927512735920956|600973131|18|5667626|329|(2.6239999E+001)|6.806|24734|23623|0|0|(2.3520000E+001)|empty
6423927512735920956|600973131|19|5677076|368|(2.9920000E+001)|5.961|20844|20844|0|0|(2.7159999E+001)|empty
6423927512735920956|600973131|20|5678743|409|(3.4009998E+001)|6.612|20566|20010|0|0|(3.0809999E+001)|empty
6423927512735920956|600973131|21|5673185|451|(3.8520000E+001)|6.001|19732|18342|0|0|(3.4319999E+001)|empty
6423927512735920956|600973131|22|5675408|506|(4.3580001E+001)|6.149|17231|17231|0|0|(3.8779998E+001)|empty
6423927512735920956|600973131|23|5681800|559|(4.9169998E+001)|5.552|15285|15007|0|0|(4.5240001E+001)|empty
6423927512735920956|600973131|24|5682634|624|(5.5409999E+001)|5.415|14173|13896|0|0|(5.1849998E+001)|empty
6423927512735920956|600973131|25|5682912|694|(6.2349998E+001)|5.421|14451|13618|0|0|(5.6430000E+001)|empty
6423927512735920956|600973131|26|5683468|778|(7.0129997E+001)|4.950|12784|11950|0|0|(6.4150001E+001)|empty
6423927512735920956|600973131|27|5684579|877|(7.8900001E+001)|4.638|11394|10838|0|0|(7.4790000E+001)|empty
6423927512735920956|600973131|28|5684301|964|(8.8540000E+001)|4.613|10560|10005|0|0|(7.9220001E+001)|empty
6423927512735920956|600973131|29|5680965|1086|(9.9400001E+001)|4.294|10283|10005|0|0|(9.0959999E+001)|empty
6423927512735920956|600973131|30|5684578|1199|(1.1138999E+002)|3.913|9449|8893|0|0|(9.9519996E+001)|empty
6423927512735920956|600973131|31|5681243|1360|(1.2498999E+002)|3.884|8059|8059|0|0|(1.1726000E+002)|empty
6423927512735920956|600973131|32|5681799|1558|(1.4055999E+002)|3.608|7225|7225|0|0|(1.2636000E+002)|empty
6423927512735920956|600973131|33|5685134|1780|(1.5836999E+002)|3.176|6670|6392|0|0|(1.5047999E+002)|empty
6423927512735920956|600973131|34|5682355|2013|(1.7849000E+002)|3.141|6670|6670|0|0|(1.5855000E+002)|empty
6423927512735920956|600973131|35|5684300|2305|(2.0152999E+002)|2.992|5558|5558|0|0|(1.8075000E+002)|empty
6423927512735920956|600973131|36|5685690|2649|(2.2802000E+002)|2.804|5002|5002|0|0|(2.0155000E+002)|empty
6423927512735920956|600973131|37|5685968|3062|(2.5863000E+002)|2.531|5002|4446|0|0|(2.5779998E+002)|empty
6423927512735920956|600973131|38|5684578|3567|(2.9429000E+002)|2.377|5002|4724|0|0|(2.6964001E+002)|empty
6423927512735920956|600973131|39|5685690|4325|(3.3757998E+002)|2.129|4168|3890|0|0|(3.0273001E+002)|empty
6423927512735920956|600973131|40|4438940|3848|(3.7614001E+002)|1.946|3890|3612|0|0|(3.6810000E+002)|empty
6423927512735920956|600973131|41|4473680|4646|(4.2222000E+002)|1.829|3335|3057|0|0|(3.9919000E+002)|empty
6423927512735920956|600973131|42|5535335|6880|(4.9091000E+002)|1.591|3057|2779|0|0|(4.5542999E+002)|empty
6423927512735920956|600973131|43|5381367|8302|(5.7377001E+002)|1.390|2779|2501|0|0|(5.0327999E+002)|empty
6423927512735920956|600973131|44|5398043|10876|(6.8178002E+002)|1.186|2223|2223|0|0|(6.6123999E+002)|empty
6423927512735920956|600973131|45|4216604|10781|(7.9034002E+002)|1.000|2501|2223|0|0|(7.0171997E+002)|empty
6423927512735920956|600973131|46|5638722|20287|(9.8990002E+002)|.839|2223|1945|0|0|(9.1390002E+002)|empty
6423927512735920956|600973131|47|5077045|26729|(1.2643299E+003)|.635|1667|1389|0|0|(1.1771700E+003)|empty
6423927512735920956|600973131|48|5581470|53275|(1.8333699E+003)|.447|1945|1667|0|0|(1.2781999E+003)|empty
6423927512735920956|600973131|49|5452515|154137|(4.2121899E+003)|.241|1111|1111|0|0|(2.1970800E+003)|empty
6423927512735920956|600973131|50|688964|157382|(1.3332679E+004)|.000|555|555|0|0|(4.3060297E+003)|empty
6423927512735920956|600973131|51|4980607|1|(NULL)|.000|3057|2779|0|0|(4.5542999E+002)|empty
6423927512735920956|600973137|0|0|0|(0.0000000E+000)|.000|0|0|0|0|()|empty
6423927512735920956|600973137|1|5396653|1|(0.0000000E+000)|.000|5396653|0|0|0|(0.0000000E+000)|empty
6423927512735920956|600973137|2|5668182|132|(1.3200000E+000)|11.517|55584|54194|0|0|(6.9999998E-001)|empty
6423927512735920956|600973137|3|5677076|159|(2.9100000E+000)|12.628|48358|47524|0|0|(1.4400000E+000)|empty
6423927512735920956|600973137|4|5668182|189|(4.8000001E+000)|11.438|43911|40854|0|0|(3.6400001E+000)|empty
6423927512735920956|600973137|5|5661512|219|(6.9899997E+000)|10.152|36129|35851|0|0|(4.9200000E+000)|empty
6423927512735920956|600973137|6|5670128|253|(9.5200004E+000)|10.583|33628|32238|0|0|(7.5999999E+000)|empty
6423927512735920956|600973137|7|5675964|285|(1.2369999E+001)|9.802|29459|28347|0|0|(1.1550000E+001)|empty
6423927512735920956|600973137|8|5674296|319|(1.5560000E+001)|9.403|27514|26958|0|0|(1.3859999E+001)|empty
6423927512735920956|600973137|9|5672073|355|(1.9110000E+001)|9.611|27792|26680|0|0|(1.6840000E+001)|empty
6423927512735920956|600973137|10|5670128|399|(2.3100000E+001)|8.389|23067|22511|0|0|(1.9799999E+001)|empty
6423927512735920956|600973137|11|5672629|445|(2.7549999E+001)|8.346|20844|20844|0|0|(2.3399999E+001)|empty
6423927512735920956|600973137|12|5679021|488|(3.2430000E+001)|7.786|20566|20566|0|0|(2.7719999E+001)|empty
6423927512735920956|600973137|13|5679021|530|(3.7729999E+001)|7.897|18898|18620|0|0|(3.4319999E+001)|empty
6423927512735920956|600973137|14|5671517|585|(4.3580001E+001)|7.655|19454|18342|0|0|(3.7799999E+001)|empty
6423927512735920956|600973137|15|5677631|659|(5.0169998E+001)|7.216|18342|15841|0|0|(4.4349998E+001)|empty
6423927512735920956|600973137|16|5675686|717|(5.7340000E+001)|6.401|16675|15007|0|0|(5.0400001E+001)|empty
6423927512735920956|600973137|17|5675964|790|(6.5239997E+001)|6.751|14173|13896|0|0|(5.8959999E+001)|empty
6423927512735920956|600973137|18|5672629|862|(7.3860000E+001)|6.229|16397|13618|0|0|(6.5519996E+001)|empty
6423927512735920956|600973137|19|5677631|963|(8.3489997E+001)|5.772|12506|12506|0|0|(8.0370002E+001)|empty
6423927512735920956|600973137|20|5675408|1041|(9.3900001E+001)|5.665|11672|11394|0|0|(9.0720001E+001)|empty
6423927512735920956|600973137|21|5677909|1139|(1.0529000E+002)|5.585|11672|10838|0|0|(9.8279998E+001)|empty
6423927512735920956|600973137|22|5677909|1263|(1.1791999E+002)|4.994|10005|9727|0|0|(1.1641999E+002)|empty
6423927512735920956|600973137|23|5678465|1390|(1.3182000E+002)|4.919|10283|10283|0|0|(1.1793000E+002)|empty
6423927512735920956|600973137|24|5680133|1521|(1.4702999E+002)|4.513|10005|8337|0|0|(1.4075999E+002)|empty
6423927512735920956|600973137|25|5679854|1693|(1.6394999E+002)|4.350|9727|8059|0|0|(1.5624000E+002)|empty
6423927512735920956|600973137|26|5679854|1853|(1.8247000E+002)|4.129|8059|8059|0|0|(1.6524000E+002)|empty
6423927512735920956|600973137|27|5678464|2024|(2.0272000E+002)|3.916|8059|7503|0|0|(1.8294999E+002)|empty
6423927512735920956|600973137|28|5678186|2257|(2.2527000E+002)|3.647|9727|6948|0|0|(2.1621000E+002)|empty
6423927512735920956|600973137|29|5680132|2497|(2.5024000E+002)|3.478|6948|6670|0|0|(2.4863999E+002)|empty
6423927512735920956|600973137|30|5680688|2732|(2.7758999E+002)|3.295|6670|6392|0|0|(2.7720001E+002)|empty
6423927512735920956|600973137|31|5679020|3058|(3.0814001E+002)|3.132|6392|6392|0|0|(2.8304000E+002)|empty
6423927512735920956|600973137|32|5680688|3411|(3.4226998E+002)|2.827|5558|5280|0|0|(3.1600000E+002)|empty
6423927512735920956|600973137|33|5679298|3801|(3.8030999E+002)|2.692|5836|5002|0|0|(3.6589999E+002)|empty
6423927512735920956|600973137|34|4173804|3149|(4.1179998E+002)|2.473|5002|4446|0|0|(3.9779998E+002)|empty
6423927512735920956|600973137|35|4959485|4042|(4.5214001E+002)|2.430|4724|4446|0|0|(4.3929000E+002)|empty
6423927512735920956|600973137|36|6289611|5913|(5.1070001E+002)|2.166|4724|4446|0|0|(4.5695999E+002)|empty
6423927512735920956|600973137|37|4911682|5170|(5.6246002E+002)|2.008|5280|4446|0|0|(5.5254998E+002)|empty
6423927512735920956|600973137|38|5879678|7186|(6.3391998E+002)|1.818|3612|3612|0|0|(5.9220001E+002)|empty
6423927512735920956|600973137|39|2920107|3976|(6.7353002E+002)|1.673|3057|3057|0|0|(6.3755999E+002)|empty
6423927512735920956|600973137|40|4691848|7164|(7.4367999E+002)|1.592|3612|3335|0|0|(7.4130999E+002)|empty
6423927512735920956|600973137|41|3505684|5911|(8.0188000E+002)|1.491|3335|3057|0|0|(7.5240002E+002)|empty
6423927512735920956|600973137|42|5132907|9920|(9.0044000E+002)|1.346|3335|2779|0|0|(8.5008001E+002)|empty
6423927512735920956|600973137|43|5232124|11995|(1.0192500E+003)|1.215|3335|3335|0|0|(9.8840997E+002)|empty
6423927512735920956|600973137|44|4991446|14061|(1.1554300E+003)|1.065|2501|2501|0|0|(1.0422700E+003)|empty
6423927512735920956|600973137|45|5543951|18906|(1.3426800E+003)|.925|2779|2223|0|0|(1.2534899E+003)|empty
6423927512735920956|600973137|46|5431671|23845|(1.5810600E+003)|.786|2223|1945|0|0|(1.4414399E+003)|empty
6423927512735920956|600973137|47|5609818|33351|(1.9184599E+003)|.669|2223|1945|0|0|(1.5962099E+003)|empty
6423927512735920956|600973137|48|5736272|48263|(2.4478500E+003)|.507|1389|1389|0|0|(2.3207099E+003)|empty
6423927512735920956|600973137|49|5768232|92135|(3.4777500E+003)|.358|1389|1389|0|0|(2.6893400E+003)|empty
6423927512735920956|600973137|50|5014513|251654|(1.6621730E+004)|.181|1111|1111|0|0|(4.2972998E+003)|empty
6423927512735920956|600973137|51|5105393|1|(NULL)|.000|5280|4446|0|0|(5.5254998E+002)|empty
6423927512735920956|600973140|0|0|0|(0.0000000E+000)|.000|0|0|0|0|()|empty
6423927512735920956|600973140|1|5327173|1|(0.0000000E+000)|.000|5327173|0|0|0|(0.0000000E+000)|empty
6423927512735920956|600973140|2|5656787|319|(3.1900000E+000)|37.353|56695|52804|0|0|(2.4000000E+000)|empty
6423927512735920956|600973140|3|5674574|314|(6.3299999E+000)|44.218|67256|62254|0|0|(3.5999999E+000)|empty
6423927512735920956|600973140|4|5662902|346|(9.7899999E+000)|42.122|68646|67256|0|0|(7.1999998E+000)|empty
6423927512735920956|600973140|5|5667070|376|(1.3550000E+001)|42.247|64755|60308|0|0|(1.2600000E+001)|empty
6423927512735920956|600973140|6|5659289|408|(1.7629999E+001)|38.817|65311|57807|0|0|(1.6799999E+001)|empty
6423927512735920956|600973140|7|5675686|438|(2.2010000E+001)|38.111|58919|57529|0|0|(2.1600000E+001)|empty
6423927512735920956|600973140|8|5676798|484|(2.6850000E+001)|36.451|65589|58641|0|0|(2.5200000E+001)|empty
6423927512735920956|600973140|9|5680411|525|(3.2090000E+001)|34.485|53638|51137|0|0|(2.7000000E+001)|empty
6423927512735920956|600973140|10|5673185|572|(3.7790000E+001)|33.099|63365|51137|0|0|(3.3599998E+001)|empty
6423927512735920956|600973140|11|5674018|626|(4.4069999E+001)|30.801|56139|52526|0|0|(3.7799999E+001)|empty
6423927512735920956|600973140|12|5659844|671|(5.0810001E+001)|29.298|55584|50025|0|0|(5.0400001E+001)|empty
6423927512735920956|600973140|13|5681244|755|(5.8209999E+001)|27.863|46134|44467|0|0|(5.7599998E+001)|empty
6423927512735920956|600973140|14|5680689|832|(6.6379997E+001)|25.973|44467|41965|0|0|(5.9400001E+001)|empty
6423927512735920956|600973140|15|3966477|594|(7.2480003E+001)|24.340|38075|38075|0|0|(6.8400001E+001)|empty
6423927512735920956|600973140|16|5731270|950|(8.2050003E+001)|24.125|48080|46412|0|0|(7.5599998E+001)|empty
6423927512735920956|600973140|17|3863091|618|(8.8830001E+001)|22.721|39742|38908|0|0|(8.4000000E+001)|empty
6423927512735920956|600973140|18|5065651|877|(9.8400001E+001)|22.150|45856|37519|0|0|(9.2400001E+001)|empty
6423927512735920956|600973140|19|3081023|554|(1.0455000E+002)|20.963|44745|32238|0|0|(1.0080000E+002)|empty
6423927512735920956|600973140|20|3920342|740|(1.1280000E+002)|20.270|35017|34740|0|0|(1.0800000E+002)|empty
6423927512735920956|600973140|21|5993627|1244|(1.2644999E+002)|18.915|38352|37241|0|0|(1.1759999E+002)|empty
6423927512735920956|600973140|22|11673|1|(1.2648000E+002)|.000|11672|0|0|0|(1.2648000E+002)|empty
6423927512735920956|600973140|23|6193451|1400|(1.4185000E+002)|17.889|33072|32516|0|0|(1.3200000E+002)|empty
6423927512735920956|600973140|24|5504209|1304|(1.5683999E+002)|16.432|35017|26402|0|0|(1.5119999E+002)|empty
6423927512735920956|600973140|25|2198905|536|(1.6296000E+002)|16.471|37797|27792|0|0|(1.5839999E+002)|empty
6423927512735920956|600973140|26|4055411|1031|(1.7483999E+002)|15.414|28903|28347|0|0|(1.6380000E+002)|empty
6423927512735920956|600973140|27|5119846|1359|(1.9080000E+002)|14.709|31127|31127|0|0|(1.7639999E+002)|empty
6423927512735920956|600973140|28|1121964|299|(1.9444000E+002)|14.581|25012|24179|0|0|(1.9439999E+002)|empty
6423927512735920956|600973140|29|5352465|1547|(2.1280000E+002)|13.933|31682|27236|0|0|(2.0160000E+002)|empty
6423927512735920956|600973140|30|6257651|1972|(2.3622000E+002)|12.887|25846|25290|0|0|(2.2680000E+002)|empty
6423927512735920956|600973140|31|2726119|894|(2.4694999E+002)|12.380|24456|22789|0|0|(2.4480000E+002)|empty
6423927512735920956|600973140|32|6128696|2152|(2.7304998E+002)|11.781|26402|21955|0|0|(2.5200000E+002)|empty
6423927512735920956|600973140|33|4540103|1682|(2.9400000E+002)|10.837|25290|22511|0|0|(2.7720001E+002)|empty
6423927512735920956|600973140|34|4588461|1829|(3.1688000E+002)|10.256|26680|20010|0|0|(3.0239999E+002)|empty
6423927512735920956|600973140|35|4659609|1987|(3.4160000E+002)|9.710|21955|21955|0|0|(3.1920001E+002)|empty
6423927512735920956|600973140|36|6041428|2759|(3.7647000E+002)|9.232|21399|20844|0|0|(3.5279998E+002)|empty
6423927512735920956|600973140|37|511651|236|(3.7960000E+002)|8.737|20010|12784|0|0|(3.7800000E+002)|empty
6423927512735920956|600973140|38|6013358|3052|(4.1858999E+002)|8.359|20566|20288|0|0|(4.1579998E+002)|empty
6423927512735920956|600973140|39|2159717|1151|(4.3350000E+002)|7.970|16675|16397|0|0|(4.2000000E+002)|empty
6423927512735920956|600973140|40|6270712|3538|(4.8041000E+002)|7.356|16119|15841|0|0|(4.5360000E+002)|empty
6423927512735920956|600973140|41|1374593|850|(4.9147000E+002)|7.243|13896|13896|0|0|(4.8576000E+002)|empty
6423927512735920956|600973140|42|6168715|3884|(5.4396002E+002)|6.645|17508|16953|0|0|(5.0400000E+002)|empty
6423927512735920956|600973140|43|5341903|3610|(5.9408001E+002)|6.123|16675|14173|0|0|(5.5440002E+002)|empty
6423927512735920956|600973140|44|2694435|2099|(6.2215002E+002)|5.645|15285|11116|0|0|(6.0479998E+002)|empty
6423927512735920956|600973140|45|6017527|4962|(6.8950000E+002)|5.367|11394|10838|0|0|(6.3359997E+002)|empty
6423927512735920956|600973140|46|504147|399|(6.9559997E+002)|4.933|9449|8615|0|0|(6.9120001E+002)|empty
6423927512735920956|600973140|47|5820481|5518|(7.7129998E+002)|4.821|12784|10560|0|0|(7.1279998E+002)|empty
6423927512735920956|600973140|48|4197150|4222|(8.3159997E+002)|4.334|10283|9727|0|0|(7.7220001E+002)|empty
6423927512735920956|600973140|49|4396974|4989|(9.0297998E+002)|3.931|11116|10005|0|0|(8.5800000E+002)|empty
6423927512735920956|600973140|50|4365013|5584|(9.8294000E+002)|3.720|10560|10005|0|0|(9.8279998E+002)|empty
6423927512735920956|600973140|51|5545062|7946|(1.1014200E+003)|3.198|9449|9171|0|0|(1.0080000E+003)|empty
6423927512735920956|600973140|52|5729879|9984|(1.2486500E+003)|2.801|7225|7225|0|0|(1.1340000E+003)|empty
6423927512735920956|600973140|53|4424488|9240|(1.3861800E+003)|2.415|6114|5836|0|0|(1.3104000E+003)|empty
6423927512735920956|600973140|54|5472803|13752|(1.5986700E+003)|2.069|6392|5836|0|0|(1.5120000E+003)|empty
6423927512735920956|600973140|55|5129016|16284|(1.8597199E+003)|1.673|5280|5280|0|0|(1.6380000E+003)|empty
6423927512735920956|600973140|56|5382479|23300|(2.2562099E+003)|1.287|4168|3612|0|0|(1.8963000E+003)|empty
6423927512735920956|600973140|57|5739885|37631|(3.0495000E+003)|.887|3057|2779|0|0|(2.3183999E+003)|empty
6423927512735920956|600973140|58|4370850|70921|(9.1771699E+003)|.430|1667|1389|0|0|(3.1968000E+003)|empty
6423927512735920956|600973140|59|5118177|1|(NULL)|.000|25290|22511|0|0|(2.7720001E+002)|empty
6423927512735920956|600973147|0|0|0|(5.0000000E-001)|.000|0|0|0|0|()|empty
6423927512735920956|600973147|1|5788521|212|(2.6099998E+000)|5.823|33906|33628|0|0|(1.2599999E+000)|empty
6423927512735920956|600973147|2|5774626|210|(4.7100000E+000)|4.978|33628|32238|0|0|(2.8800001E+000)|empty
6423927512735920956|600973147|3|5786576|210|(6.8099999E+000)|6.033|36129|34740|0|0|(6.4899997E+000)|empty
6423927512735920956|600973147|4|5775737|211|(8.9200000E+000)|5.992|34462|33906|0|0|(8.2899999E+000)|empty
6423927512735920956|600973147|5|5776571|210|(1.1020000E+001)|6.143|35295|34740|0|0|(1.0130000E+001)|empty
6423927512735920956|600973147|6|5770457|212|(1.3140000E+001)|5.657|34740|34184|0|0|(1.2289999E+001)|empty
6423927512735920956|600973147|7|5785742|212|(1.5260000E+001)|6.641|34740|33906|0|0|(1.4479999E+001)|empty
6423927512735920956|600973147|8|5778516|214|(1.7399999E+001)|5.378|33350|33350|0|0|(1.5609999E+001)|empty
6423927512735920956|600973147|9|5778238|211|(1.9510000E+001)|6.456|34740|34184|0|0|(1.7870000E+001)|empty
6423927512735920956|600973147|10|5767955|209|(2.1600000E+001)|6.383|34740|34462|0|0|(2.0680000E+001)|empty
6423927512735920956|600973147|11|5783241|210|(2.3700000E+001)|6.557|35295|33906|0|0|(2.2420000E+001)|empty
6423927512735920956|600973147|12|5791579|213|(2.5829999E+001)|3.902|35573|34462|0|0|(2.4000000E+001)|empty
6423927512735920956|600973147|13|5784075|208|(2.7909999E+001)|5.566|35851|35017|0|0|(2.7629999E+001)|empty
6423927512735920956|600973147|14|5787132|210|(3.0010000E+001)|6.168|36407|35295|0|0|(2.8000000E+001)|empty
6423927512735920956|600973147|15|5772124|211|(3.2119998E+001)|5.507|33628|32516|0|0|(3.2060001E+001)|empty
6423927512735920956|600973147|16|5767678|210|(3.4220001E+001)|5.518|34184|34184|0|0|(3.3069999E+001)|empty
6423927512735920956|600973147|17|5779628|213|(3.6349998E+001)|5.987|34740|34184|0|0|(3.5439998E+001)|empty
6423927512735920956|600973147|18|5772124|212|(3.8470001E+001)|5.193|35295|34740|0|0|(3.8430000E+001)|empty
6423927512735920956|600973147|19|5792134|213|(4.0599998E+001)|5.882|34462|34462|0|0|(4.0080001E+001)|empty
6423927512735920956|600973147|20|5794080|214|(4.2740001E+001)|4.783|34184|33628|0|0|(4.0759998E+001)|empty
6423927512735920956|600973147|21|5771013|210|(4.4840000E+001)|6.082|35573|34462|0|0|(4.4459999E+001)|empty
6423927512735920956|600973147|22|5777961|209|(4.6930000E+001)|6.816|37519|33906|0|0|(4.5840000E+001)|empty
6423927512735920956|600973147|23|5781574|210|(4.9029998E+001)|4.761|35851|35017|0|0|(4.7759998E+001)|empty
6423927512735920956|600973147|24|5775180|210|(5.1130001E+001)|5.202|34184|34184|0|0|(4.9919998E+001)|empty
6423927512735920956|600973147|25|5797414|210|(5.3229999E+001)|5.249|35017|34740|0|0|(5.2069999E+001)|empty
6423927512735920956|600973147|26|5788798|211|(5.5340000E+001)|4.945|34184|33906|0|0|(5.3939998E+001)|empty
6423927512735920956|600973147|27|5800193|214|(5.7479999E+001)|6.363|35573|33906|0|0|(5.6130001E+001)|empty
6423927512735920956|600973147|28|5791300|213|(5.9610000E+001)|4.703|33350|32794|0|0|(5.7639999E+001)|empty
6423927512735920956|600973147|29|5776014|210|(6.1709999E+001)|4.103|33350|33350|0|0|(6.1110000E+001)|empty
6423927512735920956|600973147|30|5786019|209|(6.3799999E+001)|7.027|35573|35295|0|0|(6.2439998E+001)|empty
6423927512735920956|600973147|31|5800193|211|(6.5910003E+001)|6.397|34740|34462|0|0|(6.4910003E+001)|empty
6423927512735920956|600973147|32|5797970|208|(6.7989997E+001)|4.845|37797|35295|0|0|(6.7269996E+001)|empty
6423927512735920956|600973147|33|5784074|212|(7.0110000E+001)|6.728|36129|35573|0|0|(6.9480003E+001)|empty
6423927512735920956|600973147|34|5797970|212|(7.2230003E+001)|5.307|34462|33906|0|0|(7.0449996E+001)|empty
6423927512735920956|600973147|35|5777404|211|(7.4339996E+001)|5.350|35573|35295|0|0|(7.2750000E+001)|empty
6423927512735920956|600973147|36|5784074|211|(7.6449996E+001)|6.153|35573|34462|0|0|(7.5000000E+001)|empty
6423927512735920956|600973147|37|5792133|210|(7.8550003E+001)|4.086|33628|33628|0|0|(7.6620002E+001)|empty
6423927512735920956|600973147|38|5798526|214|(8.0690002E+001)|5.239|33350|33072|0|0|(7.9910003E+001)|empty
6423927512735920956|600973147|39|5802139|213|(8.2819999E+001)|4.809|36963|34184|0|0|(8.2440002E+001)|empty
6423927512735920956|600973147|40|5787965|210|(8.4919998E+001)|6.271|37241|35295|0|0|(8.4330001E+001)|empty
6423927512735920956|600973147|41|5812700|213|(8.7050003E+001)|4.971|34740|33628|0|0|(8.5360000E+001)|empty
6423927512735920956|600973147|42|5815757|212|(8.9169998E+001)|4.205|34462|33072|0|0|(8.7580001E+001)|empty
6423927512735920956|600973147|43|5797414|211|(9.1279998E+001)|7.146|36129|35851|0|0|(8.9580001E+001)|empty
6423927512735920956|600973147|44|5816313|210|(9.3379997E+001)|6.551|35295|35017|0|0|(9.2300003E+001)|empty
6423927512735920956|600973147|45|5821315|211|(9.5489997E+001)|6.507|38908|34462|0|0|(9.4250000E+001)|empty
6423927512735920956|600973147|46|5807141|211|(9.7599998E+001)|7.374|35851|34740|0|0|(9.7209999E+001)|empty
6423927512735920956|600973147|47|5819926|214|(9.9739997E+001)|4.171|34740|34740|0|0|(9.7620002E+001)|empty
6423927512735920956|600973147|48|726483|26|(1.0000000E+002)|7.283|34462|31960|0|0|(9.9980003E+001)|empty
6423927512735920956|600973147|49|5128460|1|(NULL)|.000|0|0|0|0|()|empty
6423927512735920956|600973150|0|0|0|(0.0000000E+000)|.000|0|0|0|0|()|empty
6423927512735920956|600973150|1|2720004|1|(0.0000000E+000)|.000|2720004|0|0|0|(0.0000000E+000)|empty
6423927512735920956|600973150|2|5729325|603|(6.0300002E+000)|8.895|16953|16675|0|0|(2.2400000E+000)|empty
6423927512735920956|600973150|3|5727657|625|(1.2279999E+001)|9.191|20566|18620|0|0|(6.6700000E+000)|empty
6423927512735920956|600973150|4|5732937|689|(1.9170000E+001)|8.826|17231|16953|0|0|(1.6319999E+001)|empty
6423927512735920956|600973150|5|5732382|748|(2.6649999E+001)|8.643|18064|17231|0|0|(2.4479999E+001)|empty
6423927512735920956|600973150|6|5732660|827|(3.4919998E+001)|8.268|15841|15563|0|0|(3.4020000E+001)|empty
6423927512735920956|600973150|7|5730992|903|(4.3950000E+001)|7.864|15285|14729|0|0|(4.2840000E+001)|empty
6423927512735920956|600973150|8|5727935|990|(5.3849998E+001)|7.422|14451|13896|0|0|(5.1659999E+001)|empty
6423927512735920956|600973150|9|5731270|1090|(6.4750000E+001)|7.244|16675|13062|0|0|(6.4260002E+001)|empty
6423927512735920956|600973150|10|5733215|1161|(7.6360000E+001)|6.967|14173|11950|0|0|(6.6779998E+001)|empty
6423927512735920956|600973150|11|5725989|1281|(8.9190002E+001)|6.706|12506|11950|0|0|(7.9379997E+001)|empty
6423927512735920956|600973150|12|5732382|1400|(1.0319000E+002)|6.153|12784|11116|0|0|(9.8279998E+001)|empty
6423927512735920956|600973150|13|5733771|1533|(1.1851000E+002)|5.989|10560|10283|0|0|(1.0709999E+002)|empty
6423927512735920956|600973150|14|5733771|1674|(1.3522999E+002)|5.730|14173|10283|0|0|(1.2852000E+002)|empty
6423927512735920956|600973150|15|5732104|1832|(1.5353999E+002)|5.327|9727|9449|0|0|(1.4111999E+002)|empty
6423927512735920956|600973150|16|5733771|2006|(1.7357000E+002)|5.055|11672|9449|0|0|(1.6380000E+002)|empty
6423927512735920956|600973150|17|5733215|2200|(1.9553999E+002)|4.921|10560|10005|0|0|(1.8563999E+002)|empty
6423927512735920956|600973150|18|5729602|2369|(2.1922999E+002)|4.434|8893|8059|0|0|(1.9655999E+002)|empty
6423927512735920956|600973150|19|5731548|2561|(2.4483999E+002)|4.327|10005|9171|0|0|(2.2680000E+002)|empty
6423927512735920956|600973150|20|5732937|2765|(2.7235998E+002)|4.188|8893|8337|0|0|(2.5116000E+002)|empty
6423927512735920956|600973150|21|2658029|1323|(2.8566000E+002)|4.004|6670|6392|0|0|(2.8392001E+002)|empty
6423927512735920956|600973150|22|5841604|3171|(3.1729000E+002)|3.621|7503|6392|0|0|(3.0607000E+002)|empty
6423927512735920956|600973150|23|4067362|2334|(3.4054998E+002)|3.582|6948|6670|0|0|(3.3300000E+002)|empty
6423927512735920956|600973150|24|5691527|3518|(3.7567999E+002)|3.385|6948|6392|0|0|(3.5379998E+002)|empty
6423927512735920956|600973150|25|3803616|2501|(4.0067999E+002)|3.244|6114|6114|0|0|(3.7904998E+002)|empty
6423927512735920956|600973150|26|6009190|4276|(4.4336999E+002)|3.067|5836|5280|0|0|(4.1207998E+002)|empty
6423927512735920956|600973150|27|3719406|2846|(4.7164001E+002)|3.017|6114|5558|0|0|(4.6720001E+002)|empty
6423927512735920956|600973150|28|6032813|4903|(5.2060998E+002)|2.771|5836|5002|0|0|(4.9895999E+002)|empty
6423927512735920956|600973150|29|1373482|1221|(5.3271002E+002)|2.647|4446|4446|0|0|(5.2228002E+002)|empty
6423927512735920956|600973150|30|4503974|4096|(5.7323999E+002)|2.604|5280|5280|0|0|(5.4935998E+002)|empty
6423927512735920956|600973150|31|6128695|6027|(6.3295001E+002)|2.471|4724|4724|0|0|(6.0479998E+002)|empty
6423927512735920956|600973150|32|5456128|5753|(6.9054998E+002)|2.280|5836|5558|0|0|(6.5520001E+002)|empty
6423927512735920956|600973150|33|1566080|1722|(7.0784997E+002)|2.216|5002|3612|0|0|(7.0685998E+002)|empty
6423927512735920956|600973150|34|6080059|7467|(7.8072998E+002)|2.155|4168|3890|0|0|(7.5684002E+002)|empty
6423927512735920956|600973150|35|2050494|2657|(8.0708001E+002)|2.021|4168|3890|0|0|(8.0135998E+002)|empty
6423927512735920956|600973150|36|4524818|6183|(8.6802001E+002)|1.945|5002|3890|0|0|(8.3159997E+002)|empty
6423927512735920956|600973150|37|4677118|6907|(9.3541998E+002)|1.875|4724|4168|0|0|(9.1541998E+002)|empty
6423927512735920956|600973150|38|5773513|9424|(1.0275200E+003)|1.734|4446|3890|0|0|(9.8279998E+002)|empty
6423927512735920956|600973150|39|4854987|8606|(1.1119499E+003)|1.685|3890|3612|0|0|(1.0810799E+003)|empty
6423927512735920956|600973150|40|4564282|9218|(1.2014699E+003)|1.500|4446|3890|0|0|(1.1138399E+003)|empty
6423927512735920956|600973150|41|4283027|9209|(1.2921700E+003)|1.429|5002|3612|0|0|(1.2020400E+003)|empty
6423927512735920956|600973150|42|3187744|7365|(1.3629000E+003)|1.374|3335|2779|0|0|(1.3608000E+003)|empty
6423927512735920956|600973150|43|5442510|14008|(1.4972700E+003)|1.284|3057|3057|0|0|(1.3650000E+003)|empty
6423927512735920956|600973150|44|5013957|13977|(1.6360999E+003)|1.198|3890|2779|0|0|(1.5649200E+003)|empty
6423927512735920956|600973150|45|4953093|15221|(1.7907900E+003)|1.095|3335|2501|0|0|(1.7304000E+003)|empty
6423927512735920956|600973150|46|5407770|19610|(1.9849200E+003)|1.006|2779|2223|0|0|(1.8345600E+003)|empty
6423927512735920956|600973150|47|5222397|22580|(2.1975600E+003)|.927|2779|2779|0|0|(2.1224499E+003)|empty
6423927512735920956|600973150|48|4811075|22561|(2.4314599E+003)|.809|2223|1945|0|0|(2.2246398E+003)|empty
6423927512735920956|600973150|49|5012012|27763|(2.7203999E+003)|.746|2223|2223|0|0|(2.6460000E+003)|empty
6423927512735920956|600973150|50|3873651|24867|(2.9895400E+003)|.656|1667|1667|0|0|(2.8828798E+003)|empty
6423927512735920956|600973150|51|5375809|42650|(3.4517700E+003)|.586|2223|1945|0|0|(3.2541599E+003)|empty
6423927512735920956|600973150|52|5765453|60298|(4.1375400E+003)|.482|1667|1667|0|0|(3.4774199E+003)|empty
6423927512735920956|600973150|53|5694861|84630|(5.2053300E+003)|.378|1389|1111|0|0|(4.5927001E+003)|empty
6423927512735920956|600973150|54|5407492|147593|(7.4858701E+003)|.258|1389|1111|0|0|(5.5327998E+003)|empty
6423927512735920956|600973150|55|2389557|234411|(1.9169230E+004)|.117|1111|833|0|0|(7.5478999E+003)|empty
6423927512735920956|600973150|56|5085105|1|(NULL)|.000|3890|3612|0|0|(7.9264001E+002)|empty
6423927512735920956|600973157|0|0|0|(0.0000000E+000)|.000|0|0|0|0|()|empty
6423927512735920956|600973157|1|29991475|1|(0.0000000E+000)|.000|29991475|0|0|0|(0.0000000E+000)|empty
6423927512735920956|600973157|2|5234349|19|(1.8999999E-001)|.000|304322|302932|0|0|(2.9999999E-002)|empty
6423927512735920956|600973157|3|5191549|21|(4.0000000E-001)|.000|272361|271805|0|0|(2.0000000E-001)|empty
6423927512735920956|600973157|4|5232403|24|(6.3999998E-001)|.000|234286|233730|0|0|(4.6000000E-001)|empty
6423927512735920956|600973157|5|5245743|27|(9.1000002E-001)|.000|215943|213442|0|0|(7.2000002E-001)|empty
6423927512735920956|600973157|6|5212671|30|(1.2100000E+000)|.000|196489|187318|0|0|(9.8000001E-001)|empty
6423927512735920956|600973157|7|5222120|34|(1.5499999E+000)|.000|179814|169253|0|0|(1.2599999E+000)|empty
6423927512735920956|600973157|8|5185157|37|(1.9199999E+000)|.000|167030|165362|0|0|(1.5599999E+000)|empty
6423927512735920956|600973157|9|5282151|42|(2.3399999E+000)|.000|148965|140905|0|0|(1.9800000E+000)|empty
6423927512735920956|600973157|10|5194050|46|(2.7999999E+000)|.000|129510|128677|0|0|(2.3699998E+000)|empty
6423927512735920956|600973157|11|5281873|51|(3.3099999E+000)|.000|116726|116448|0|0|(3.0399999E+000)|empty
6423927512735920956|600973157|12|5226567|55|(3.8599998E+000)|13.499|115336|113391|0|0|(3.3599998E+000)|empty
6423927512735920956|600973157|13|5267143|61|(4.4699997E+000)|10.543|105887|101162|0|0|(4.1100001E+000)|empty
6423927512735920956|600973157|14|5262697|66|(5.1300001E+000)|4.593|94770|94214|0|0|(4.5599999E+000)|empty
6423927512735920956|600973157|15|5281039|73|(5.8600001E+000)|.000|87544|80874|0|0|(5.1399998E+000)|empty
6423927512735920956|600973157|16|5282429|80|(6.6599998E+000)|3.853|81430|79763|0|0|(5.8800001E+000)|empty
6423927512735920956|600973157|17|5244910|88|(7.5399999E+000)|9.876|73648|71703|0|0|(6.7199997E+000)|empty
6423927512735920956|600973157|18|5256027|94|(8.4799995E+000)|13.150|75038|69480|0|0|(7.5599999E+000)|empty
6423927512735920956|600973157|19|5279372|106|(9.5399999E+000)|9.939|61420|59752|0|0|(9.0000000E+000)|empty
6423927512735920956|600973157|20|5251024|114|(1.0680000E+001)|12.252|59474|58363|0|0|(1.0079999E+001)|empty
6423927512735920956|600973157|21|5284930|127|(1.1949999E+001)|8.052|52804|52526|0|0|(1.0720000E+001)|empty
6423927512735920956|600973157|22|5276593|138|(1.3329999E+001)|10.610|49469|49469|0|0|(1.2439999E+001)|empty
6423927512735920956|600973157|23|5270477|151|(1.4840000E+001)|9.620|49191|44189|0|0|(1.3859999E+001)|empty
6423927512735920956|600973157|24|5272979|164|(1.6479999E+001)|9.879|43633|43077|0|0|(1.5119999E+001)|empty
6423927512735920956|600973157|25|5269088|184|(1.8319999E+001)|9.817|39186|37797|0|0|(1.6530000E+001)|empty
6423927512735920956|600973157|26|5274090|198|(2.0299999E+001)|10.411|37797|36685|0|0|(1.9000000E+001)|empty
6423927512735920956|600973157|27|5276592|215|(2.2450000E+001)|9.218|34184|31682|0|0|(2.0700000E+001)|empty
6423927512735920956|600973157|28|5297158|241|(2.4860000E+001)|8.901|31127|30571|0|0|(2.3520000E+001)|empty
6423927512735920956|600973157|29|5291877|269|(2.7549999E+001)|8.037|28069|28069|0|0|(2.5200000E+001)|empty
6423927512735920956|600973157|30|5298825|301|(3.0559999E+001)|8.194|24179|23901|0|0|(2.8510000E+001)|empty
6423927512735920956|600973157|31|5304384|327|(3.3830001E+001)|7.648|23901|23901|0|0|(3.0840000E+001)|empty
6423927512735920956|600973157|32|5292711|371|(3.7540000E+001)|7.193|20566|20288|0|0|(3.4099998E+001)|empty
6423927512735920956|600973157|33|5305217|413|(4.1669998E+001)|7.279|20844|19176|0|0|(3.7900001E+001)|empty
6423927512735920956|600973157|34|5304662|470|(4.6369998E+001)|6.829|20010|18064|0|0|(4.2000000E+001)|empty
6423927512735920956|600973157|35|5297714|526|(5.1630001E+001)|6.812|18620|17231|0|0|(5.1479999E+001)|empty
6423927512735920956|600973157|36|5299937|605|(5.7680000E+001)|5.869|15563|14173|0|0|(5.3130001E+001)|empty
6423927512735920956|600973157|37|5301049|701|(6.4690002E+001)|5.923|13896|13618|0|0|(5.9759998E+001)|empty
6423927512735920956|600973157|38|5304662|807|(7.2760002E+001)|5.359|13062|12506|0|0|(6.7230003E+001)|empty
6423927512735920956|600973157|39|5303828|950|(8.2260002E+001)|5.030|10838|10005|0|0|(7.3180000E+001)|empty
6423927512735920956|600973157|40|5306051|1145|(9.3709999E+001)|4.436|9171|9171|0|0|(8.2360000E+001)|empty
6423927512735920956|600973157|41|5304106|1406|(1.0776999E+002)|3.818|8337|7781|0|0|(9.9000000E+001)|empty
6423927512735920956|600973157|42|5306607|1735|(1.2511000E+002)|3.572|6948|6670|0|0|(1.0854000E+002)|empty
6423927512735920956|600973157|43|5307719|2237|(1.4749000E+002)|3.168|6392|5836|0|0|(1.2672000E+002)|empty
6423927512735920956|600973157|44|5307997|3072|(1.7816999E+002)|2.713|5558|4724|0|0|(1.5750000E+002)|empty
6423927512735920956|600973157|45|5441954|4798|(2.2596000E+002)|2.150|3890|3890|0|0|(1.7996000E+002)|empty
6423927512735920956|600973157|46|5673184|9902|(3.2325000E+002)|1.434|3335|3057|0|0|(2.3586999E+002)|empty
6423927512735920956|600973157|47|5019238|36742|(1.1771099E+003)|.678|2223|1945|0|0|(3.2448001E+002)|empty
6423927512735920956|600973157|48|5558|5558|(1.4589499E+003)|.000|1|1|0|0|(1.2015100E+003)|empty
6423927512735920956|600973157|49|5096221|1|(NULL)|.000|3890|3890|0|0|(1.7996000E+002)|empty
6423927512735920956|600973160|0|0|0|(0.0000000E+000)|.000|0|0|0|0|()|empty
6423927512735920956|600973160|1|2693046|1|(0.0000000E+000)|.000|2693046|0|0|0|(0.0000000E+000)|empty
6423927512735920956|600973160|2|5722932|575|(5.7500000E+000)|21.593|33628|31682|0|0|(4.8000001E+000)|empty
6423927512735920956|600973160|3|5730436|591|(1.1659999E+001)|24.366|36129|34462|0|0|(8.3999996E+000)|empty
6423927512735920956|600973160|4|5724322|660|(1.8260000E+001)|23.449|37797|37797|0|0|(1.2600000E+001)|empty
6423927512735920956|600973160|5|5733771|723|(2.5500000E+001)|21.683|34184|33628|0|0|(2.5200000E+001)|empty
6423927512735920956|600973160|6|5734049|791|(3.3419998E+001)|20.813|32516|31960|0|0|(3.1200000E+001)|empty
6423927512735920956|600973160|7|5709870|862|(4.1990001E+001)|20.233|37797|34740|0|0|(3.3599998E+001)|empty
6423927512735920956|600973160|8|5732937|937|(5.1330001E+001)|19.300|36685|35851|0|0|(4.2000000E+001)|empty
6423927512735920956|600973160|9|5734883|1033|(6.1599998E+001)|17.776|27236|26958|0|0|(5.8799999E+001)|empty
6423927512735920956|600973160|10|5734049|1126|(7.2750000E+001)|17.417|35573|30015|0|0|(6.4800003E+001)|empty
6423927512735920956|600973160|11|5730158|1245|(8.5010002E+001)|16.127|30293|28069|0|0|(8.4000000E+001)|empty
6423927512735920956|600973160|12|5726823|1389|(9.8389999E+001)|15.097|27792|26680|0|0|(9.0720001E+001)|empty
6423927512735920956|600973160|13|5735439|1474|(1.1287999E+002)|14.538|27792|27514|0|0|(1.1087999E+002)|empty
6423927512735920956|600973160|14|4494803|1245|(1.2540000E+002)|13.760|27236|26958|0|0|(1.1759999E+002)|empty
6423927512735920956|600973160|15|4768555|1390|(1.3967999E+002)|12.977|28903|24734|0|0|(1.2600000E+002)|empty
6423927512735920956|600973160|16|3988989|1214|(1.5242999E+002)|12.395|23901|23623|0|0|(1.5119999E+002)|empty
6423927512735920956|600973160|17|5852721|1866|(1.7238000E+002)|12.183|22233|21955|0|0|(1.5839999E+002)|empty
6423927512735920956|600973160|18|5846885|2029|(1.9438999E+002)|11.249|25012|23623|0|0|(1.8480000E+002)|empty
6423927512735920956|600973160|19|21678|2|(1.9444000E+002)|34.000|20288|1389|0|0|(1.9439999E+002)|empty
6423927512735920956|600973160|20|6256261|2321|(2.1969000E+002)|10.648|28903|22233|0|0|(2.0160000E+002)|empty
6423927512735920956|600973160|21|3747198|1459|(2.3603999E+002)|10.116|19454|18064|0|0|(2.2175999E+002)|empty
6423927512735920956|600973160|22|4263296|1799|(2.5563999E+002)|9.885|22233|21399|0|0|(2.5200000E+002)|empty
6423927512735920956|600973160|23|5641224|2423|(2.8320001E+002)|9.252|18342|17231|0|0|(2.7720001E+002)|empty
6423927512735920956|600973160|24|1016632|451|(2.8839999E+002)|8.947|17508|16953|0|0|(2.8560000E+002)|empty
6423927512735920956|600973160|25|6168438|2961|(3.2198001E+002)|8.632|20566|18342|0|0|(3.0239999E+002)|empty
6423927512735920956|600973160|26|6174275|3167|(3.5835000E+002)|8.190|18620|18064|0|0|(3.5279998E+002)|empty
6423927512735920956|600973160|27|6175942|3403|(3.9801000E+002)|7.683|15841|15841|0|0|(3.6035998E+002)|empty
6423927512735920956|600973160|28|3348383|1950|(4.2119000E+002)|7.028|13618|13618|0|0|(4.0320001E+002)|empty
6423927512735920956|600973160|29|5726267|3494|(4.6319000E+002)|6.942|15563|14173|0|0|(4.3200000E+002)|empty
6423927512735920956|600973160|30|5334678|3535|(5.0589001E+002)|6.401|16119|13618|0|0|(5.0400000E+002)|empty
6423927512735920956|600973160|31|4062359|2720|(5.3997998E+002)|6.248|13618|11950|0|0|(5.1840002E+002)|empty
6423927512735920956|600973160|32|5438064|3987|(5.8967999E+002)|5.919|13618|13618|0|0|(5.8967999E+002)|empty
6423927512735920956|600973160|33|909632|698|(5.9846002E+002)|5.704|10838|10838|0|0|(5.9135998E+002)|empty
6423927512735920956|600973160|34|4896953|3900|(6.4798999E+002)|5.391|12506|11116|0|0|(6.0059997E+002)|empty
6423927512735920956|600973160|35|4310541|3734|(6.9496002E+002)|5.115|13618|11672|0|0|(6.8040002E+002)|empty
6423927512735920956|600973160|36|6354922|5781|(7.6914001E+002)|4.779|11950|10560|0|0|(7.0200000E+002)|empty
6423927512735920956|600973160|37|4884168|4870|(8.3239001E+002)|4.397|8893|8615|0|0|(8.1900000E+002)|empty
6423927512735920956|600973160|38|4897231|5203|(9.0090002E+002)|4.169|11672|8893|0|0|(8.7779998E+002)|empty
6423927512735920956|600973160|39|6126471|7168|(9.9547998E+002)|3.826|10005|10005|0|0|(9.2820001E+002)|empty
6423927512735920956|600973160|40|4857766|6101|(1.0774399E+003)|3.656|9171|8059|0|0|(1.0533599E+003)|empty
6423927512735920956|600973160|41|5410271|7559|(1.1781899E+003)|3.400|10283|8337|0|0|(1.1088000E+003)|empty
6423927512735920956|600973160|42|5562016|8529|(1.2937299E+003)|3.132|8337|7503|0|0|(1.2635999E+003)|empty
6423927512735920956|600973160|43|4010943|6661|(1.3861800E+003)|2.888|6948|6948|0|0|(1.3104000E+003)|empty
6423927512735920956|600973160|44|4424766|8087|(1.4968000E+003)|2.685|5836|5836|0|0|(1.4111999E+003)|empty
6423927512735920956|600973160|45|5269088|10683|(1.6444399E+003)|2.519|7781|6392|0|0|(1.6415999E+003)|empty
6423927512735920956|600973160|46|5746555|13146|(1.8332500E+003)|2.176|6670|5836|0|0|(1.6631999E+003)|empty
6423927512735920956|600973160|47|2747518|6904|(1.9331400E+003)|2.046|5558|5002|0|0|(1.8648000E+003)|empty
6423927512735920956|600973160|48|5460575|15174|(2.1589499E+003)|1.892|6392|4724|0|0|(1.9404000E+003)|empty
6423927512735920956|600973160|49|4356398|13477|(2.3675800E+003)|1.695|5002|5002|0|0|(2.2680000E+003)|empty
6423927512735920956|600973160|50|5142634|18927|(2.6613000E+003)|1.483|6114|4446|0|0|(2.6460000E+003)|empty
6423927512735920956|600973160|51|5623714|24647|(3.0620400E+003)|1.309|4168|3890|0|0|(2.7720000E+003)|empty
6423927512735920956|600973160|52|3260281|16110|(3.3476398E+003)|1.133|2779|2779|0|0|(3.2831999E+003)|empty
6423927512735920956|600973160|53|5347739|31998|(3.9590800E+003)|.934|2779|2501|0|0|(3.6456000E+003)|empty
6423927512735920956|600973160|54|5761284|47294|(5.0079702E+003)|.720|2223|2223|0|0|(4.5360000E+003)|empty
6423927512735920956|600973160|55|4719362|60466|(6.7987998E+003)|.482|1945|1667|0|0|(5.1876000E+003)|empty
6423927512735920956|600973160|56|3001537|100189|(1.8429880E+004)|.257|1389|1111|0|0|(9.2232001E+003)|empty
6423927512735920956|600973160|57|5068429|1|(NULL)|.000|13618|13062|0|0|(4.7879998E+002)|empty
6423927512735920956|600973167|0|0|0|(1)|.000|0|0|0|0|()|empty
6423927512735920956|600973167|1|14206166|1|(1)|.000|14206166|0|0|0|(1)|empty
6423927512735920956|600973167|2|11352483|1|(2)|.000|11352482|0|0|0|(2)|empty
6423927512735920956|600973167|3|10024025|1|(3)|.000|10024024|0|0|0|(3)|empty
6423927512735920956|600973167|4|9117727|1|(4)|.000|9117726|0|0|0|(4)|empty
6423927512735920956|600973167|5|8568835|1|(5)|.000|8568834|0|0|0|(5)|empty
6423927512735920956|600973167|6|7882650|1|(6)|.000|7882649|0|0|0|(6)|empty
6423927512735920956|600973167|7|7437978|1|(7)|.000|7437977|0|0|0|(7)|empty
6423927512735920956|600973167|8|7056393|1|(8)|.000|7056392|0|0|0|(8)|empty
6423927512735920956|600973167|9|6675087|1|(9)|.000|6675086|0|0|0|(9)|empty
6423927512735920956|600973167|10|6458587|1|(10)|.000|6458586|0|0|0|(10)|empty
6423927512735920956|600973167|11|6239586|1|(11)|.000|6239585|0|0|0|(11)|empty
6423927512735920956|600973167|12|5943323|1|(12)|.000|5943322|0|0|0|(12)|empty
6423927512735920956|600973167|13|5706257|1|(13)|.000|5706256|0|0|0|(13)|empty
6423927512735920956|600973167|14|5511991|1|(14)|.000|5511990|0|0|0|(14)|empty
6423927512735920956|600973167|15|5257416|1|(15)|.000|5257415|0|0|0|(15)|empty
6423927512735920956|600973167|16|5077880|1|(16)|.000|5077879|0|0|0|(16)|empty
6423927512735920956|600973167|17|4945312|1|(17)|.000|4945311|0|0|0|(17)|empty
6423927512735920956|600973167|18|4722976|1|(18)|.000|4722975|0|0|0|(18)|empty
6423927512735920956|600973167|19|4646548|1|(19)|.000|4646547|0|0|0|(19)|empty
6423927512735920956|600973167|20|4421988|1|(20)|.000|4421987|0|0|0|(20)|empty
6423927512735920956|600973167|21|4296924|1|(21)|.000|4296923|0|0|0|(21)|empty
6423927512735920956|600973167|22|4255236|1|(22)|.000|4255235|0|0|0|(22)|empty
6423927512735920956|600973167|23|4080980|1|(23)|.000|4080979|0|0|0|(23)|empty
6423927512735920956|600973167|24|3928958|1|(24)|.000|3928957|0|0|0|(24)|empty
6423927512735920956|600973167|25|3885880|1|(25)|.000|3885879|0|0|0|(25)|empty
6423927512735920956|600973167|26|3688557|1|(26)|.000|3688556|0|0|0|(26)|empty
6423927512735920956|600973167|27|3636864|1|(27)|.000|3636863|0|0|0|(27)|empty
6423927512735920956|600973167|28|3525418|1|(28)|.000|3525417|0|0|0|(28)|empty
6423927512735920956|600973167|29|3440096|1|(29)|.000|3440095|0|0|0|(29)|empty
6423927512735920956|600973167|30|3358666|1|(30)|.000|3358665|0|0|0|(30)|empty
6423927512735920956|600973167|31|3238048|1|(31)|.000|3238047|0|0|0|(31)|empty
6423927512735920956|600973167|32|3200529|1|(32)|.000|3200528|0|0|0|(32)|empty
6423927512735920956|600973167|33|3089639|1|(33)|.000|3089638|0|0|0|(33)|empty
6423927512735920956|600973167|34|3041002|1|(34)|.000|3041002|0|0|0|(34)|empty
6423927512735920956|600973167|35|2891203|1|(35)|.000|2891203|0|0|0|(35)|empty
6423927512735920956|600973167|36|2829783|1|(36)|.000|2829783|0|0|0|(36)|empty
6423927512735920956|600973167|37|2765583|1|(37)|.000|2765583|0|0|0|(37)|empty
6423927512735920956|600973167|38|2661919|1|(38)|.000|2661919|0|0|0|(38)|empty
6423927512735920956|600973167|39|2628013|1|(39)|.000|2628013|0|0|0|(39)|empty
6423927512735920956|600973167|40|2537688|1|(40)|.000|2537688|0|0|0|(40)|empty
6423927512735920956|600973167|41|2521847|1|(41)|.000|2521847|0|0|0|(41)|empty
6423927512735920956|600973167|42|2357318|1|(42)|.000|2357318|0|0|0|(42)|empty
6423927512735920956|600973167|43|2319521|1|(43)|.000|2319521|0|0|0|(43)|empty
6423927512735920956|600973167|44|2271441|1|(44)|.000|2271441|0|0|0|(44)|empty
6423927512735920956|600973167|45|2201405|1|(45)|.000|2201405|0|0|0|(45)|empty
6423927512735920956|600973167|46|2218914|1|(46)|.000|2218914|0|0|0|(46)|empty
6423927512735920956|600973167|47|2124421|1|(47)|.000|2124421|0|0|0|(47)|empty
6423927512735920956|600973167|48|2033541|1|(48)|.000|2033541|0|0|0|(48)|empty
6423927512735920956|600973167|49|2002414|1|(49)|.000|2002414|0|0|0|(49)|empty
6423927512735920956|600973167|50|1950443|1|(50)|.000|1950443|0|0|0|(50)|empty
6423927512735920956|600973167|51|1875961|1|(51)|.000|1875961|0|0|0|(51)|empty
6423927512735920956|600973167|52|1807870|1|(52)|.000|1807870|0|0|0|(52)|empty
6423927512735920956|600973167|53|1763959|1|(53)|.000|1763959|0|0|0|(53)|empty
6423927512735920956|600973167|54|1731998|1|(54)|.000|1731998|0|0|0|(54)|empty
6423927512735920956|600973167|55|1654458|1|(55)|.000|1654458|0|0|0|(55)|empty
6423927512735920956|600973167|56|1616383|1|(56)|.000|1616383|0|0|0|(56)|empty
6423927512735920956|600973167|57|1591370|1|(57)|.000|1591370|0|0|0|(57)|empty
6423927512735920956|600973167|58|1533007|1|(58)|.000|1533007|0|0|0|(58)|empty
6423927512735920956|600973167|59|1466584|1|(59)|.000|1466584|0|0|0|(59)|empty
6423927512735920956|600973167|60|5487533|4|(63)|.000|1451854|1358473|0|0|(60)|empty
6423927512735920956|600973167|61|4770499|4|(67)|.000|1259256|1216456|0|0|(64)|empty
6423927512735920956|600973167|62|5037858|5|(72)|.000|1078052|1047481|0|0|(68)|empty
6423927512735920956|600973167|63|5548675|7|(79)|112.744|894624|861830|0|0|(73)|empty
6423927512735920956|600973167|64|5516159|12|(91)|371.479|652000|592803|0|0|(80)|empty
6423927512735920956|600973167|65|1285102|9|(100)|270.110|260689|228172|0|0|(92)|empty
6423927512735920956|600973167|66|4997282|1|(NULL)|.000|1259256|1216456|0|0|(64)|empty
6423927512735920956|600973170|0|0|0|(21)|.000|0|0|0|0|()|empty
6423927512735920956|600973170|1|2852016|1373762|(2482971)|.000|555|555|0|0|(22379)|empty
6423927512735920956|600973170|2|3992879|1923267|(5885553)|.000|555|555|0|0|(4376917)|empty
6423927512735920956|600973170|3|5786020|2788308|(10900525)|.000|555|555|0|0|(9667169)|empty
6423927512735920956|600973170|4|10782469|5194271|(20232701)|.000|833|833|0|0|(12067074)|empty
6423927512735920956|600973170|5|2373161|1127057|(22292056)|.000|555|555|0|0|(20288434)|empty
6423927512735920956|600973170|6|7865697|3735255|(29025564)|.000|555|555|0|0|(22409000)|empty
6423927512735920956|600973170|7|3116319|1479817|(31742734)|.000|555|555|0|0|(29406155)|empty
6423927512735920956|600973170|8|5794636|2753560|(36712460)|.000|555|555|0|0|(32000219)|empty
6423927512735920956|600973170|9|4804962|2300967|(40847110)|.000|555|555|0|0|(37550810)|empty
6423927512735920956|600973170|10|3254446|1560074|(43648913)|.000|555|555|0|0|(40969322)|empty
6423927512735920956|600973170|11|9267526|4437884|(51644478)|.000|555|555|0|0|(43842910)|empty
6423927512735920956|600973170|12|277|133|(51647408)|.000|277|138|0|0|(51647408)|empty
6423927512735920956|600973170|13|16995652|7919194|(66217166)|.000|555|555|0|0|(51666905)|empty
6423927512735920956|600973170|14|277|129|(66220149)|.000|277|138|0|0|(66220149)|empty
6423927512735920956|600973170|15|332115|154965|(66504576)|.000|555|277|0|0|(66421932)|empty
6423927512735920956|600973170|16|12341045|5752405|(77113007)|.000|555|555|0|0|(66569550)|empty
6423927512735920956|600973170|17|3554599|1828527|(80200585)|.000|555|555|0|0|(77123106)|empty
6423927512735920956|600973170|18|277|143|(80204055)|.000|277|138|0|0|(80204055)|empty
6423927512735920956|600973170|19|10355028|5327463|(89077789)|.000|555|555|0|0|(80376981)|empty
6423927512735920956|600973170|20|277|143|(89080722)|.000|277|138|0|0|(89080722)|empty
6423927512735920956|600973170|21|16945904|8380002|(103699738)|.000|555|555|0|0|(89163692)|empty
6423927512735920956|600973170|22|277|137|(103702714)|.000|277|138|0|0|(103702714)|empty
6423927512735920956|600973170|23|79903990|39507300|(172803368)|.000|555|555|0|0|(103905664)|empty
6423927512735920956|600973170|24|277|137|(172806825)|.000|277|138|0|0|(172806825)|empty
6423927512735920956|600973170|25|48430644|23703910|(214693250)|.000|833|555|0|0|(209059406)|empty
6423927512735920956|600973170|26|277|136|(214697134)|.000|277|138|0|0|(214697134)|empty
6423927512735920956|600973170|27|29169110|14274856|(239999076)|.000|555|555|0|0|(214803807)|empty
6423927512735920956|600973177|0|0|0|(1)|.000|0|0|0|0|()|empty
6423927512735920956|600973177|1|4287476|1|(1)|.000|4287476|0|0|0|(1)|empty
6423927512735920956|600973177|2|4206833|1|(2)|.000|4206832|0|0|0|(2)|empty
6423927512735920956|600973177|3|4245487|1|(3)|.000|4245486|0|0|0|(3)|empty
6423927512735920956|600973177|4|4185143|1|(4)|.000|4185142|0|0|0|(4)|empty
6423927512735920956|600973177|5|4175688|1|(5)|.000|4175687|0|0|0|(5)|empty
6423927512735920956|600973177|6|4195710|1|(6)|.000|4195709|0|0|0|(6)|empty
6423927512735920956|600973177|7|4175132|1|(7)|.000|4175131|0|0|0|(7)|empty
6423927512735920956|600973177|8|4208502|1|(8)|.000|4208501|0|0|0|(8)|empty
6423927512735920956|600973177|9|4193485|1|(9)|.000|4193484|0|0|0|(9)|empty
6423927512735920956|600973177|10|4216566|1|(10)|.000|4216565|0|0|0|(10)|empty
6423927512735920956|600973177|11|4242984|1|(11)|.000|4242983|0|0|0|(11)|empty
6423927512735920956|600973177|12|4209336|1|(12)|.000|4209335|0|0|0|(12)|empty
6423927512735920956|600973177|13|4250770|1|(13)|.000|4250769|0|0|0|(13)|empty
6423927512735920956|600973177|14|4164009|1|(14)|.000|4164008|0|0|0|(14)|empty
6423927512735920956|600973177|15|4183474|1|(15)|.000|4183473|0|0|0|(15)|empty
6423927512735920956|600973177|16|4182640|1|(16)|.000|4182639|0|0|0|(16)|empty
6423927512735920956|600973177|17|4257444|1|(17)|.000|4257443|0|0|0|(17)|empty
6423927512735920956|600973177|18|4160950|1|(18)|.000|4160949|0|0|0|(18)|empty
6423927512735920956|600973177|19|4165955|1|(19)|.000|4165954|0|0|0|(19)|empty
6423927512735920956|600973177|20|4182640|1|(20)|.000|4182639|0|0|0|(20)|empty
6423927512735920956|600973177|21|4172629|1|(21)|.000|4172628|0|0|0|(21)|empty
6423927512735920956|600973177|22|4234086|1|(22)|.000|4234085|0|0|0|(22)|empty
6423927512735920956|600973177|23|4198769|1|(23)|.000|4198768|0|0|0|(23)|empty
6423927512735920956|600973177|24|4187368|1|(24)|.000|4187367|0|0|0|(24)|empty
6423927512735920956|600973177|25|4229914|1|(25)|.000|4229913|0|0|0|(25)|empty
6423927512735920956|600973177|26|4206555|1|(26)|.000|4206554|0|0|0|(26)|empty
6423927512735920956|600973177|27|4156779|1|(27)|.000|4156778|0|0|0|(27)|empty
6423927512735920956|600973177|28|4221572|1|(28)|.000|4221571|0|0|0|(28)|empty
6423927512735920956|600973177|29|4251605|1|(29)|.000|4251604|0|0|0|(29)|empty
6423927512735920956|600973177|30|4152051|1|(30)|.000|4152050|0|0|0|(30)|empty
6423927512735920956|600973177|31|4195432|1|(31)|.000|4195431|0|0|0|(31)|empty
6423927512735920956|600973177|32|4182918|1|(32)|.000|4182917|0|0|0|(32)|empty
6423927512735920956|600973177|33|4196266|1|(33)|.000|4196265|0|0|0|(33)|empty
6423927512735920956|600973177|34|4180972|1|(34)|.000|4180971|0|0|0|(34)|empty
6423927512735920956|600973177|35|4226299|1|(35)|.000|4226298|0|0|0|(35)|empty
6423927512735920956|600973177|36|4234364|1|(36)|.000|4234363|0|0|0|(36)|empty
6423927512735920956|600973177|37|4251883|1|(37)|.000|4251882|0|0|0|(37)|empty
6423927512735920956|600973177|38|4113397|1|(38)|.000|4113397|0|0|0|(38)|empty
6423927512735920956|600973177|39|4155943|1|(39)|.000|4155943|0|0|0|(39)|empty
6423927512735920956|600973177|40|4209057|1|(40)|.000|4209057|0|0|0|(40)|empty
6423927512735920956|600973177|41|4212116|1|(41)|.000|4212116|0|0|0|(41)|empty
6423927512735920956|600973177|42|4184864|1|(42)|.000|4184864|0|0|0|(42)|empty
6423927512735920956|600973177|43|4288311|1|(43)|.000|4288311|0|0|0|(43)|empty
6423927512735920956|600973177|44|4215453|1|(44)|.000|4215453|0|0|0|(44)|empty
6423927512735920956|600973177|45|4185420|1|(45)|.000|4185420|0|0|0|(45)|empty
6423927512735920956|600973177|46|4184586|1|(46)|.000|4184586|0|0|0|(46)|empty
6423927512735920956|600973177|47|4156778|1|(47)|.000|4156778|0|0|0|(47)|empty
6423927512735920956|600973177|48|4156221|1|(48)|.000|4156221|0|0|0|(48)|empty
6423927512735920956|600973177|49|4204608|1|(49)|.000|4204608|0|0|0|(49)|empty
6423927512735920956|600973177|50|4162339|1|(50)|.000|4162339|0|0|0|(50)|empty
6423927512735920956|600973177|51|4206276|1|(51)|.000|4206276|0|0|0|(51)|empty
6423927512735920956|600973177|52|4240480|1|(52)|.000|4240480|0|0|0|(52)|empty
6423927512735920956|600973177|53|4155109|1|(53)|.000|4155109|0|0|0|(53)|empty
6423927512735920956|600973177|54|4189869|1|(54)|.000|4189869|0|0|0|(54)|empty
6423927512735920956|600973177|55|4169569|1|(55)|.000|4169569|0|0|0|(55)|empty
6423927512735920956|600973177|56|4168735|1|(56)|.000|4168735|0|0|0|(56)|empty
6423927512735920956|600973177|57|4234085|1|(57)|.000|4234085|0|0|0|(57)|empty
6423927512735920956|600973177|58|4170682|1|(58)|.000|4170682|0|0|0|(58)|empty
6423927512735920956|600973177|59|4177356|1|(59)|.000|4177356|0|0|0|(59)|empty
6423927512735920956|600973177|60|4224630|1|(60)|.000|4224630|0|0|0|(60)|empty
6423927512735920956|600973177|61|4199602|1|(61)|.000|4199602|0|0|0|(61)|empty
6423927512735920956|600973177|62|4205720|1|(62)|.000|4205720|0|0|0|(62)|empty
6423927512735920956|600973177|63|4168179|1|(63)|.000|4168179|0|0|0|(63)|empty
6423927512735920956|600973177|64|4185698|1|(64)|.000|4185698|0|0|0|(64)|empty
6423927512735920956|600973177|65|4152050|1|(65)|.000|4152050|0|0|0|(65)|empty
6423927512735920956|600973177|66|5073338|1|(NULL)|.000|0|0|0|0|()|empty
6423927512735920956|600973181|0|0|0|(1)|.000|0|0|0|0|()|empty
6423927512735920956|600973181|1|5525330|10|(19)|.000|566957|562788|0|0|(7)|empty
6423927512735920956|600973181|2|5443901|10|(38)|.000|563899|555284|0|0|(22)|empty
6423927512735920956|600973181|3|5452516|10|(58)|.000|553339|553061|0|0|(44)|empty
6423927512735920956|600973181|4|5440010|10|(79)|.000|576406|557229|0|0|(61)|empty
6423927512735920956|600973181|5|5465022|10|(98)|.000|580297|564455|0|0|(88)|empty
6423927512735920956|600973181|6|5434451|10|(118)|.000|557785|552783|0|0|(118)|empty
6423927512735920956|600973181|7|5485311|10|(139)|.000|563344|558619|0|0|(130)|empty
6423927512735920956|600973181|8|5475028|10|(158)|.000|573627|570014|0|0|(148)|empty
6423927512735920956|600973181|9|5421111|10|(178)|.000|555006|550837|0|0|(169)|empty
6423927512735920956|600973181|10|5460298|10|(199)|.000|554728|552505|0|0|(190)|empty
6423927512735920956|600973181|11|5425558|10|(218)|.000|560564|559175|0|0|(211)|empty
6423927512735920956|600973181|12|5500596|10|(238)|.000|571681|558341|0|0|(224)|empty
6423927512735920956|600973181|13|5483365|10|(259)|.000|566957|556396|0|0|(244)|empty
6423927512735920956|600973181|14|5412218|10|(278)|.000|555562|552505|0|0|(278)|empty
6423927512735920956|600973181|15|5444178|10|(298)|.000|554728|551949|0|0|(283)|empty
6423927512735920956|600973181|16|5935819|11|(320)|.000|554728|551671|0|0|(308)|empty
6423927512735920956|600973181|17|5507544|10|(340)|.000|566957|562510|0|0|(328)|empty
6423927512735920956|600973181|18|5934430|11|(362)|.000|550837|550559|0|0|(343)|empty
6423927512735920956|600973181|19|5488646|10|(382)|.000|566957|565011|0|0|(380)|empty
6423927512735920956|600973181|20|5443901|10|(403)|.000|557507|554450|0|0|(394)|empty
6423927512735920956|600973181|21|5471137|10|(422)|.000|563899|552227|0|0|(418)|empty
6423927512735920956|600973181|22|5943323|11|(445)|.000|562510|560564|0|0|(442)|empty
6423927512735920956|600973181|23|5483365|10|(464)|.000|564455|561954|0|0|(463)|empty
6423927512735920956|600973181|24|5971115|11|(487)|.000|568346|564733|0|0|(466)|empty
6423927512735920956|600973181|25|5997795|11|(508)|.000|565011|555562|0|0|(505)|empty
6423927512735920956|600973181|26|5933596|11|(530)|.000|560842|556674|0|0|(518)|empty
6423927512735920956|600973181|27|5919422|11|(553)|.000|556396|552505|0|0|(550)|empty
6423927512735920956|600973181|28|5997516|11|(574)|.000|563344|558341|0|0|(556)|empty
6423927512735920956|600973181|29|5995015|11|(596)|.000|557785|557507|0|0|(578)|empty
6423927512735920956|600973181|30|6010301|11|(619)|.000|571125|563622|0|0|(613)|empty
6423927512735920956|600973181|31|5907748|11|(640)|.000|557507|551949|0|0|(626)|empty
6423927512735920956|600973181|32|5988901|11|(662)|.000|562232|558063|0|0|(646)|empty
6423927512735920956|600973181|33|6035869|11|(685)|.000|560564|560287|0|0|(680)|empty
6423927512735920956|600973181|34|6021140|11|(706)|.000|574183|557229|0|0|(703)|empty
6423927512735920956|600973181|35|5970280|11|(728)|.000|563066|557507|0|0|(718)|empty
6423927512735920956|600973181|36|6021696|11|(751)|.000|569736|567235|0|0|(734)|empty
6423927512735920956|600973181|37|5945823|11|(772)|.000|563899|552227|0|0|(758)|empty
6423927512735920956|600973181|38|6008911|11|(794)|.000|566123|558619|0|0|(775)|empty
6423927512735920956|600973181|39|5990846|11|(817)|.000|561676|557229|0|0|(811)|empty
6423927512735920956|600973181|40|6072555|11|(838)|.000|568346|566401|0|0|(818)|empty
6423927512735920956|600973181|41|5950270|11|(860)|.000|573071|558619|0|0|(848)|empty
6423927512735920956|600973181|42|5986956|11|(883)|.000|563344|560009|0|0|(866)|empty
6423927512735920956|600973181|43|5983065|11|(904)|.000|557507|555284|0|0|(886)|empty
6423927512735920956|600973181|44|5995015|11|(926)|.000|568346|556674|0|0|(920)|empty
6423927512735920956|600973181|45|6011690|11|(949)|.000|553061|553061|0|0|(928)|empty
6423927512735920956|600973181|46|4318879|8|(964)|.000|553061|546113|0|0|(955)|empty
6423927512735920956|600973181|47|4849150|9|(982)|.000|562232|556951|0|0|(976)|empty
6423927512735920956|600973181|48|4960596|9|(1000)|.000|563066|558897|0|0|(994)|empty
6423927512735920956|600973181|49|4998949|1|(NULL)|.000|0|0|0|0|()|empty
6423927512735920956|600973187|0|0|0|(3)|.000|0|0|0|0|()|empty
6423927512735920956|600973187|1|1856506|42162|(40521)|.279|1111|1111|0|0|(8337)|empty
6423927512735920956|600973187|2|5530056|116118|(162558)|.289|1389|1111|0|0|(101085)|empty
6423927512735920956|600973187|3|5053701|105825|(271514)|.282|1111|1111|0|0|(226744)|empty
6423927512735920956|600973187|4|1413780|28778|(302650)|.280|833|833|0|0|(296402)|empty
6423927512735920956|600973187|5|9310604|205362|(506384)|.276|1111|1111|0|0|(361386)|empty
6423927512735920956|600973187|6|5511991|118106|(627296)|.278|1111|1111|0|0|(586893)|empty
6423927512735920956|600973187|7|277|5|(627370)|.000|277|138|0|0|(627370)|empty
6423927512735920956|600973187|8|115893|2096|(630029)|.360|1111|833|0|0|(629390)|empty
6423927512735920956|600973187|9|20385722|437536|(1078509)|.280|1111|1111|0|0|(672970)|empty
6423927512735920956|600973187|10|3507075|75829|(1156267)|.296|1111|1111|0|0|(1079172)|empty
6423927512735920956|600973187|11|18723759|411991|(1568909)|.279|1111|1111|0|0|(1215789)|empty
6423927512735920956|600973187|12|3107704|72535|(1638284)|.269|1111|833|0|0|(1621100)|empty
6423927512735920956|600973187|13|35596570|774483|(2422782)|.279|1111|1111|0|0|(1768490)|empty
6423927512735920956|600973187|14|277|6|(2422849)|.000|277|138|0|0|(2422849)|empty
6423927512735920956|600973187|15|17073747|364111|(2796737)|.285|1111|1111|0|0|(2437080)|empty
6423927512735920956|600973187|16|277|6|(2796818)|.000|277|138|0|0|(2796818)|empty
6423927512735920956|600973187|17|12665656|274486|(3074766)|.279|1389|1111|0|0|(2958493)|empty
6423927512735920956|600973187|18|833|1|(3074854)|.000|833|0|0|0|(3074854)|empty
6423927512735920956|600973187|19|29261380|620174|(3720132)|.283|1111|1111|0|0|(3095714)|empty
6423927512735920956|600973187|20|2328693|51426|(3771506)|.289|1111|1111|0|0|(3748414)|empty
6423927512735920956|600973187|21|277|6|(3771593)|.000|277|138|0|0|(3771593)|empty
6423927512735920956|600973187|22|8960980|187948|(3967445)|.284|1389|1389|0|0|(3937089)|empty
6423927512735920956|600973187|23|277|6|(3967517)|.000|277|138|0|0|(3967517)|empty
6423927512735920956|600973187|24|19983294|436348|(4406755)|.278|1389|1389|0|0|(4033986)|empty
6423927512735920956|600973187|25|277|6|(4406832)|.000|277|138|0|0|(4406832)|empty
6423927512735920956|600973187|26|72489636|1549086|(5999997)|.280|1389|1389|0|0|(4522443)|empty
6423927512735920956|600973187|27|5040915|1|(NULL)|.000|833|833|0|0|(2647)|empty
6423927512735920956|600973190|0|0|0|(1)|.000|0|0|0|0|()|empty
6423927512735920956|600973190|1|5774625|154|(154)|2.979|45856|44467|0|0|(57)|empty
6423927512735920956|600973190|2|5761563|153|(307)|4.328|45578|44467|0|0|(287)|empty
6423927512735920956|600973190|3|5782963|153|(460)|3.169|49747|44745|0|0|(414)|empty
6423927512735920956|600973190|4|5785742|152|(612)|.000|45300|44745|0|0|(482)|empty
6423927512735920956|600973190|5|5769623|153|(765)|5.273|46968|46690|0|0|(763)|empty
6423927512735920956|600973190|6|5786298|151|(916)|1.457|46134|45023|0|0|(875)|empty
6423927512735920956|600973190|7|5761841|152|(1068)|4.124|48358|45578|0|0|(1030)|empty
6423927512735920956|600973190|8|5784353|153|(1221)|.000|46690|45023|0|0|(1109)|empty
6423927512735920956|600973190|9|5791857|153|(1374)|2.643|46134|45856|0|0|(1355)|empty
6423927512735920956|600973190|10|5773514|153|(1527)|5.645|47246|46968|0|0|(1445)|empty
6423927512735920956|600973190|11|5789633|152|(1679)|.000|45023|44467|0|0|(1665)|empty
6423927512735920956|600973190|12|5755727|152|(1831)|6.360|50581|49191|0|0|(1725)|empty
6423927512735920956|600973190|13|5779906|153|(1984)|4.224|45300|45300|0|0|(1861)|empty
6423927512735920956|600973190|14|5789355|151|(2135)|5.219|48358|48080|0|0|(1994)|empty
6423927512735920956|600973190|15|5792412|154|(2289)|1.136|48636|45300|0|0|(2279)|empty
6423927512735920956|600973190|16|5787410|155|(2444)|2.399|46412|45856|0|0|(2369)|empty
6423927512735920956|600973190|17|5770457|151|(2595)|2.833|48636|45856|0|0|(2500)|empty
6423927512735920956|600973190|18|5761285|151|(2746)|6.279|48636|45300|0|0|(2672)|empty
6423927512735920956|600973190|19|5762953|151|(2897)|4.547|47524|45856|0|0|(2765)|empty
6423927512735920956|600973190|20|5782963|152|(3049)|6.100|50025|47524|0|0|(2974)|empty
6423927512735920956|600973190|21|5769901|153|(3202)|4.793|48636|46412|0|0|(3101)|empty
6423927512735920956|600973190|22|5784909|153|(3355)|6.356|47524|46968|0|0|(3230)|empty
6423927512735920956|600973190|23|5796025|154|(3509)|3.373|45578|44745|0|0|(3359)|empty
6423927512735920956|600973190|24|5766010|153|(3662)|1.043|46134|45856|0|0|(3572)|empty
6423927512735920956|600973190|25|5778794|153|(3815)|6.174|45578|44745|0|0|(3810)|empty
6423927512735920956|600973190|26|5800194|151|(3966)|4.592|49191|46968|0|0|(3873)|empty
6423927512735920956|600973190|27|5767400|152|(4118)|1.019|45856|45300|0|0|(4069)|empty
6423927512735920956|600973190|28|5781573|152|(4270)|3.238|45023|44745|0|0|(4161)|empty
6423927512735920956|600973190|29|5786853|152|(4422)|.000|46968|45856|0|0|(4325)|empty
6423927512735920956|600973190|30|5781850|152|(4574)|5.620|47802|47524|0|0|(4466)|empty
6423927512735920956|600973190|31|5779905|153|(4727)|5.930|47246|45856|0|0|(4690)|empty
6423927512735920956|600973190|32|5790188|153|(4880)|4.354|45300|44467|0|0|(4791)|empty
6423927512735920956|600973190|33|5776848|152|(5032)|5.178|47802|45023|0|0|(4922)|empty
6423927512735920956|600973190|34|5779071|152|(5184)|3.429|46690|45856|0|0|(5089)|empty
6423927512735920956|600973190|35|5804918|153|(5337)|3.882|46134|45300|0|0|(5282)|empty
6423927512735920956|600973190|36|5816590|153|(5490)|3.487|50025|48358|0|0|(5435)|empty
6423927512735920956|600973190|37|5806863|154|(5644)|3.116|46690|46690|0|0|(5537)|empty
6423927512735920956|600973190|38|5784908|152|(5796)|4.037|47246|46968|0|0|(5778)|empty
6423927512735920956|600973190|39|5786853|153|(5949)|.000|48080|45023|0|0|(5864)|empty
6423927512735920956|600973190|40|5802972|154|(6103)|3.945|48358|46690|0|0|(6052)|empty
6423927512735920956|600973190|41|5794079|152|(6255)|.000|46968|45023|0|0|(6136)|empty
6423927512735920956|600973190|42|5813811|153|(6408)|.000|47524|46690|0|0|(6383)|empty
6423927512735920956|600973190|43|5808253|155|(6563)|6.206|46412|45856|0|0|(6504)|empty
6423927512735920956|600973190|44|5813533|153|(6716)|2.452|46412|44467|0|0|(6670)|empty
6423927512735920956|600973190|45|5836045|156|(6872)|3.254|46690|46134|0|0|(6828)|empty
6423927512735920956|600973190|46|5821871|152|(7024)|4.221|46690|46134|0|0|(7004)|empty
6423927512735920956|600973190|47|5842715|154|(7178)|4.258|45856|45300|0|0|(7102)|empty
6423927512735920956|600973190|48|828479|22|(7200)|8.058|42799|42521|0|0|(7200)|empty
6423927512735920956|600973190|49|5074266|1|(NULL)|.000|0|0|0|0|()|empty
6423927512735920956|600973197|0|0|0|(1)|.000|0|0|0|0|()|empty
6423927512735920956|600973197|1|3231377|22508|(22329)|.527|1389|1389|0|0|(21330)|empty
6423927512735920956|600973197|2|5213783|35980|(58560)|.534|1389|1389|0|0|(54496)|empty
6423927512735920956|600973197|3|5727935|40695|(99435)|.539|1389|1389|0|0|(95556)|empty
6423927512735920956|600973197|4|3119932|22140|(121144)|.533|1111|1111|0|0|(99705)|empty
6423927512735920956|600973197|5|6170662|42103|(164550)|.543|1389|1389|0|0|(128210)|empty
6423927512735920956|600973197|6|4314433|31246|(194915)|.537|1389|1389|0|0|(167377)|empty
6423927512735920956|600973197|7|1492154|10849|(205575)|.524|1111|1111|0|0|(195204)|empty
6423927512735920956|600973197|8|5766566|41268|(246172)|.541|1389|1389|0|0|(212742)|empty
6423927512735920956|600973197|9|6564197|46257|(292113)|.544|1945|1667|0|0|(278859)|empty
6423927512735920956|600973197|10|1947665|14116|(306028)|.535|1389|1389|0|0|(295962)|empty
6423927512735920956|600973197|11|6893254|49469|(354680)|.529|1667|1389|0|0|(331383)|empty
6423927512735920956|600973197|12|3689946|25192|(380667)|.546|1667|1389|0|0|(360613)|empty
6423927512735920956|600973197|13|7218977|53471|(431905)|.533|1667|1389|0|0|(412033)|empty
6423927512735920956|600973197|14|5759340|40156|(472517)|.533|1389|1389|0|0|(440360)|empty
6423927512735920956|600973197|15|7528858|53921|(525908)|.538|1667|1667|0|0|(500533)|empty
6423927512735920956|600973197|16|4047352|27867|(554232)|.541|1389|1389|0|0|(529363)|empty
6423927512735920956|600973197|17|7969083|55267|(610081)|.534|1389|1389|0|0|(555204)|empty
6423927512735920956|600973197|18|3237492|22360|(632781)|.536|1389|1389|0|0|(613266)|empty
6423927512735920956|600973197|19|8546601|61015|(692410)|.531|1667|1389|0|0|(686186)|empty
6423927512735920956|600973197|20|8546601|58953|(752100)|.540|1389|1389|0|0|(693943)|empty
6423927512735920956|600973197|21|8546601|60492|(812508)|.529|1389|1389|0|0|(759507)|empty
6423927512735920956|600973197|22|8546323|60011|(872699)|.536|1945|1667|0|0|(871225)|empty
6423927512735920956|600973197|23|8546323|62261|(933253)|.533|1389|1389|0|0|(873184)|empty
6423927512735920956|600973197|24|4189369|29415|(962372)|.544|1389|1389|0|0|(934489)|empty
6423927512735920956|600973197|25|9406764|66132|(1029177)|.536|1389|1389|0|0|(973167)|empty
6423927512735920956|600973197|26|9407042|66460|(1094917)|.528|1945|1667|0|0|(1051214)|empty
6423927512735920956|600973197|27|9407041|66826|(1160785)|.540|1667|1389|0|0|(1141313)|empty
6423927512735920956|600973197|28|9407041|64430|(1226955)|.538|1667|1389|0|0|(1186776)|empty
6423927512735920956|600973197|29|5127348|37833|(1263029)|.538|1667|1389|0|0|(1232284)|empty
6423927512735920956|600973197|30|277|2|(1263054)|.000|277|138|0|0|(1263054)|empty
6423927512735920956|600973197|31|10927542|75523|(1339427)|.539|1389|1389|0|0|(1270071)|empty
6423927512735920956|600973197|32|10927264|76391|(1416314)|.539|1389|1389|0|0|(1348580)|empty
6423927512735920956|600973197|33|10927820|76210|(1493072)|.538|1945|1389|0|0|(1416745)|empty
6423927512735920956|600973197|34|839318|5841|(1498938)|.540|1389|1389|0|0|(1496569)|empty
6423927512735920956|600973197|35|277|2|(1498963)|.000|277|138|0|0|(1498963)|empty
6423927512735920956|600973197|36|9310325|65070|(1565009)|.535|1667|1667|0|0|(1517141)|empty
6423927512735920956|600973197|37|277|2|(1565036)|.000|277|138|0|0|(1565036)|empty
6423927512735920956|600973197|38|27708361|194839|(1759842)|.537|1667|1667|0|0|(1631106)|empty
6423927512735920956|600973197|39|10650178|74868|(1835115)|.542|1667|1667|0|0|(1805660)|empty
6423927512735920956|600973197|40|277|2|(1835143)|.000|277|138|0|0|(1835143)|empty
6423927512735920956|600973197|41|10639061|74165|(1910440)|.536|1389|1389|0|0|(1840334)|empty
6423927512735920956|600973197|42|277|2|(1910468)|.000|277|138|0|0|(1910468)|empty
6423927512735920956|600973197|43|1457969|10733|(1920800)|.531|1389|1389|0|0|(1913536)|empty
6423927512735920956|600973197|44|4960874|1|(NULL)|.000|1389|1111|0|0|(7618)|empty
6423927512735920956|600973201|0|0|0|(1)|.000|0|0|0|0|()|empty
6423927512735920956|600973201|1|3954803|168157|(174643)|.185|833|833|0|0|(26055)|empty
6423927512735920956|600973201|2|3243885|131433|(319011)|.191|833|833|0|0|(217458)|empty
6423927512735920956|600973201|3|4183533|177371|(503858)|.185|833|833|0|0|(473397)|empty
6423927512735920956|600973201|4|3254446|138026|(647952)|.188|1111|833|0|0|(558645)|empty
6423927512735920956|600973201|5|277|11|(648108)|.000|277|138|0|0|(648108)|empty
6423927512735920956|600973201|6|4271633|170183|(834513)|.195|1111|833|0|0|(666304)|empty
6423927512735920956|600973201|7|2222250|93732|(932653)|.189|833|833|0|0|(839710)|empty
6423927512735920956|600973201|8|277|12|(932805)|.000|277|138|0|0|(932805)|empty
6423927512735920956|600973201|9|4047074|176343|(1111080)|.180|833|833|0|0|(1053639)|empty
6423927512735920956|600973201|10|2789763|113091|(1234760)|.195|1111|833|0|0|(1129183)|empty
6423927512735920956|600973201|11|277|12|(1234924)|.000|277|138|0|0|(1234924)|empty
6423927512735920956|600973201|12|21872595|917917|(2195769)|.186|833|833|0|0|(1236555)|empty
6423927512735920956|600973201|13|277|11|(2195915)|.000|277|138|0|0|(2195915)|empty
6423927512735920956|600973201|14|66606901|2729539|(5107483)|.189|1111|1111|0|0|(2363806)|empty
6423927512735920956|600973201|15|277|12|(5107636)|.000|277|138|0|0|(5107636)|empty
6423927512735920956|600973201|16|130924574|5461366|(10872947)|.189|1111|1111|0|0|(5122582)|empty
6423927512735920956|600973201|17|277|12|(10873113)|.000|277|138|0|0|(10873113)|empty
6423927512735920956|600973201|18|25621182|1076330|(11999978)|.187|1111|1111|0|0|(11842142)|empty
6423927512735920956|600973201|19|4925856|1|(NULL)|.000|555|555|0|0|(2563)|empty
6423927512735920956|600973207|0|0|0|(1)|.000|0|0|0|0|()|empty
6423927512735920956|600973207|1|4341946|4864|(4741)|2.329|4724|4446|0|0|(445)|empty
6423927512735920956|600973207|2|2297844|2532|(7212)|2.338|4168|4168|0|0|(5875)|empty
6423927512735920956|600973207|3|6308510|6894|(14002)|2.351|4446|4168|0|0|(9079)|empty
6423927512735920956|600973207|4|6307676|6944|(20804)|2.331|4446|4446|0|0|(15745)|empty
6423927512735920956|600973207|5|6308788|6884|(27517)|2.395|4446|4446|0|0|(21481)|empty
6423927512735920956|600973207|6|6308232|6849|(34287)|2.365|5002|4446|0|0|(34111)|empty
6423927512735920956|600973207|7|6308510|6872|(41047)|2.363|4446|4446|0|0|(35047)|empty
6423927512735920956|600973207|8|6308510|6892|(47829)|2.344|5280|5002|0|0|(43219)|empty
6423927512735920956|600973207|9|6308232|6889|(54596)|2.334|4724|4446|0|0|(49681)|empty
6423927512735920956|600973207|10|6307676|6918|(61410)|2.349|5836|4446|0|0|(56215)|empty
6423927512735920956|600973207|11|6308510|6833|(68208)|2.329|4168|4168|0|0|(61495)|empty
6423927512735920956|600973207|12|6308510|6943|(74968)|2.418|4724|4724|0|0|(73345)|empty
6423927512735920956|600973207|13|6308788|7002|(81823)|2.367|4724|4724|0|0|(79165)|empty
6423927512735920956|600973207|14|4224109|4584|(86348)|2.330|4446|4168|0|0|(82195)|empty
6423927512735920956|600973207|15|1945|1|(86353)|.000|1945|0|0|0|(86353)|empty
6423927512735920956|600973207|16|6176776|6746|(93042)|2.310|4168|4168|0|0|(88771)|empty
6423927512735920956|600973207|17|6176498|6874|(99823)|2.354|4446|4168|0|0|(95617)|empty
6423927512735920956|600973207|18|6175942|6864|(106566)|2.317|4724|4168|0|0|(104719)|empty
6423927512735920956|600973207|19|1878463|2141|(108614)|2.415|4446|4168|0|0|(107389)|empty
6423927512735920956|600973207|20|1945|1|(108619)|.000|1945|0|0|0|(108619)|empty
6423927512735920956|600973207|21|6329910|6849|(115410)|2.345|4168|3890|0|0|(109753)|empty
6423927512735920956|600973207|22|6330466|6919|(122207)|2.364|4446|4168|0|0|(116977)|empty
6423927512735920956|600973207|23|6330466|6939|(129042)|2.350|4724|4446|0|0|(123985)|empty
6423927512735920956|600973207|24|6330466|6939|(135886)|2.331|4168|4168|0|0|(129241)|empty
6423927512735920956|600973207|25|6329076|6965|(142656)|2.358|4724|4168|0|0|(137413)|empty
6423927512735920956|600973207|26|6329354|6872|(149442)|2.359|5002|4446|0|0|(145351)|empty
6423927512735920956|600973207|27|6330466|6936|(156233)|2.389|4446|4446|0|0|(150031)|empty
6423927512735920956|600973207|28|6330188|6958|(163073)|2.368|4446|4446|0|0|(159373)|empty
6423927512735920956|600973207|29|6330466|6991|(169937)|2.351|4168|4168|0|0|(163585)|empty
6423927512735920956|600973207|30|5126238|5627|(175442)|2.397|4446|4446|0|0|(170815)|empty
6423927512735920956|600973207|31|3057|1|(175447)|.000|3057|0|0|0|(175447)|empty
6423927512735920956|600973207|32|6060604|6771|(182072)|2.313|4446|4168|0|0|(177679)|empty
6423927512735920956|600973207|33|6059493|6744|(188698)|2.340|4446|4446|0|0|(183235)|empty
6423927512735920956|600973207|34|6059771|6538|(195180)|2.336|5002|4168|0|0|(190273)|empty
6423927512735920956|600973207|35|6060326|6738|(201857)|2.293|4724|4446|0|0|(200683)|empty
6423927512735920956|600973207|36|6060604|6672|(208348)|2.383|5002|4446|0|0|(205879)|empty
6423927512735920956|600973207|37|6060049|6706|(214902)|2.325|4446|4168|0|0|(210505)|empty
6423927512735920956|600973207|38|6060882|6630|(221426)|2.327|4446|4446|0|0|(219349)|empty
6423927512735920956|600973207|39|6060604|6710|(227994)|2.338|4168|4168|0|0|(221751)|empty
6423927512735920956|600973207|40|4289419|4770|(232640)|2.388|4446|4168|0|0|(230587)|empty
6423927512735920956|600973207|41|2223|1|(232645)|.000|2223|0|0|0|(232645)|empty
6423927512735920956|600973207|42|6237362|6892|(239420)|2.354|4446|4168|0|0|(233857)|empty
6423927512735920956|600973207|43|6236528|6788|(246168)|2.362|4724|4446|0|0|(242467)|empty
6423927512735920956|600973207|44|6237640|6845|(252881)|2.334|4446|4168|0|0|(248251)|empty
6423927512735920956|600973207|45|6237917|6844|(259629)|2.323|4446|4168|0|0|(254815)|empty
6423927512735920956|600973207|46|6237640|6912|(266424)|2.324|4168|3890|0|0|(264763)|empty
6423927512735920956|600973207|47|6237640|6917|(273194)|2.351|4168|4168|0|0|(271039)|empty
6423927512735920956|600973207|48|6237917|6949|(279992)|2.312|4724|4446|0|0|(273739)|empty
6423927512735920956|600973207|49|1643897|1753|(281738)|2.341|4724|3612|0|0|(281089)|empty
6423927512735920956|600973207|50|1667|1|(281743)|.000|1667|0|0|0|(281743)|empty
6423927512735920956|600973207|51|5688469|6206|(287881)|2.339|5002|4724|0|0|(284947)|empty
6423927512735920956|600973207|52|5690971|6164|(293930)|2.378|4446|4168|0|0|(292123)|empty
6423927512735920956|600973207|53|5690971|6207|(300000)|2.381|5002|4168|0|0|(296755)|empty
6423927512735920956|600973210|0|0|0|(28799)|.000|0|0|0|0|()|empty
6423927512735920956|600973210|1|5784908|680|(29478)|4.968|13340|13062|0|0|(29159)|empty
6423927512735920956|600973210|2|5786576|681|(30159)|4.674|12506|12506|0|0|(29774)|empty
6423927512735920956|600973210|3|5785742|682|(30841)|4.704|14173|13062|0|0|(30712)|empty
6423927512735920956|600973210|4|5786298|686|(31527)|5.104|14173|13062|0|0|(31467)|empty
6423927512735920956|600973210|5|5783797|692|(32219)|4.863|13340|12784|0|0|(31708)|empty
6423927512735920956|600973210|6|5782407|681|(32900)|4.778|14173|14173|0|0|(32474)|empty
6423927512735920956|600973210|7|5790467|686|(33586)|5.034|12784|12784|0|0|(33277)|empty
6423927512735920956|600973210|8|5784631|689|(34275)|4.940|13340|13062|0|0|(33990)|empty
6423927512735920956|600973210|9|5787132|694|(34969)|4.894|13618|13340|0|0|(34368)|empty
6423927512735920956|600973210|10|5790745|685|(35654)|4.629|14173|13062|0|0|(35186)|empty
6423927512735920956|600973210|11|5788522|691|(36345)|4.776|12228|12228|0|0|(35655)|empty
6423927512735920956|600973210|12|5787688|686|(37031)|4.964|13618|12784|0|0|(36427)|empty
6423927512735920956|600973210|13|5780740|691|(37722)|4.944|13340|12506|0|0|(37047)|empty
6423927512735920956|600973210|14|5789633|694|(38416)|4.760|13062|12784|0|0|(37753)|empty
6423927512735920956|600973210|15|5789633|692|(39108)|4.902|13340|13062|0|0|(38971)|empty
6423927512735920956|600973210|16|5787966|685|(39793)|4.979|13618|12506|0|0|(39578)|empty
6423927512735920956|600973210|17|5782407|683|(40476)|4.848|13340|13340|0|0|(40275)|empty
6423927512735920956|600973210|18|5784909|680|(41156)|4.838|15007|13618|0|0|(40645)|empty
6423927512735920956|600973210|19|5787688|693|(41849)|5.074|13062|12506|0|0|(41574)|empty
6423927512735920956|600973210|20|5790467|676|(42525)|4.814|13896|12784|0|0|(42125)|empty
6423927512735920956|600973210|21|5786020|684|(43209)|5.035|13896|13340|0|0|(43161)|empty
6423927512735920956|600973210|22|5787132|691|(43900)|5.277|15285|13340|0|0|(43587)|empty
6423927512735920956|600973210|23|5789077|687|(44587)|4.797|12784|12784|0|0|(44156)|empty
6423927512735920956|600973210|24|5782129|693|(45280)|4.743|12506|12506|0|0|(44739)|empty
6423927512735920956|600973210|25|5790745|691|(45971)|5.064|14173|13340|0|0|(45771)|empty
6423927512735920956|600973210|26|5787688|689|(46660)|5.040|13062|13062|0|0|(46320)|empty
6423927512735920956|600973210|27|5791022|685|(47345)|4.995|14451|13618|0|0|(46998)|empty
6423927512735920956|600973210|28|5792689|694|(48039)|5.213|13062|13062|0|0|(47603)|empty
6423927512735920956|600973210|29|5790466|691|(48730)|4.768|12784|12784|0|0|(48272)|empty
6423927512735920956|600973210|30|5784908|693|(49423)|5.062|12784|12506|0|0|(48938)|empty
6423927512735920956|600973210|31|5793245|685|(50108)|5.067|14173|13896|0|0|(49842)|empty
6423927512735920956|600973210|32|5789354|688|(50796)|4.931|13340|13340|0|0|(50365)|empty
6423927512735920956|600973210|33|5787687|682|(51478)|4.850|13340|12784|0|0|(51008)|empty
6423927512735920956|600973210|34|5791022|694|(52172)|4.755|13062|12784|0|0|(52069)|empty
6423927512735920956|600973210|35|5794357|679|(52851)|4.694|13618|12506|0|0|(52476)|empty
6423927512735920956|600973210|36|5795746|688|(53539)|5.138|13340|13340|0|0|(53042)|empty
6423927512735920956|600973210|37|5789354|679|(54218)|4.755|13618|13340|0|0|(53944)|empty
6423927512735920956|600973210|38|5785741|686|(54904)|5.030|13062|12506|0|0|(54229)|empty
6423927512735920956|600973210|39|5790466|680|(55584)|5.066|13340|13062|0|0|(54924)|empty
6423927512735920956|600973210|40|5791856|694|(56278)|4.750|13062|12784|0|0|(55943)|empty
6423927512735920956|600973210|41|5795746|692|(56970)|5.144|13618|13618|0|0|(56438)|empty
6423927512735920956|600973210|42|5797414|689|(57659)|4.950|13340|12784|0|0|(57108)|empty
6423927512735920956|600973210|43|5799637|690|(58349)|4.807|12784|12506|0|0|(57933)|empty
6423927512735920956|600973210|44|5796302|694|(59043)|4.812|12506|12506|0|0|(58696)|empty
6423927512735920956|600973210|45|5800193|688|(59731)|5.165|14173|13062|0|0|(59442)|empty
6423927512735920956|600973210|46|5797692|692|(60423)|4.700|13618|13062|0|0|(59890)|empty
6423927512735920956|600973210|47|5800749|686|(61109)|5.032|12784|12784|0|0|(60564)|empty
6423927512735920956|600973210|48|744270|90|(61199)|4.767|13340|11672|0|0|(61142)|empty
6423927512735920956|600973210|49|5065094|1|(NULL)|.000|0|0|0|0|()|empty
6423927512735920956|600973217|0|0|0|(1,2)|.000|0|0|0|0|()|empty
6423927512735920956|600973217|1|277920157|981558|(1000,11999996)|9.131|2513952|8343|0|0|(NULL,NULL)|empty
6423927512735920956|600973220|0|0|0|(10,1)|.000|0|0|0|0|()|empty
6423927512735920956|600973220|1|277920157|999279|(11999998,300000)|.000|833|833|0|0|(NULL,81938)|empty
6423927512735920956|600973227|0|0|0|(176,14,1)|.000|0|0|0|0|()|empty
6423927512735920956|600973227|1|277920157|277920157|(239999519,11999998,299999)|.000|1|1|0|0|(176,9905689,162599)|empty
6423927512735920956|600973230|0|0|0|(712,1)|.000|0|0|0|0|()|empty
6423927512735920956|600973230|1|277920157|277920157|(239999596,300000)|.000|1|1|0|0|(712,27780)|empty
6423927512735920956|600973237|0|0|0|(5.2999997E-001,0.0000000E+000)|.000|0|0|0|0|()|empty
6423927512735920956|600973237|1|277920157|987349|(9.3053896E+003,1.7482140E+004)|9.269|2563352|24768|0|0|(NULL,NULL)|empty
6423927512735920956|600973240|0|0|0|(0.0000000E+000,1)|.000|0|0|0|0|()|empty
6423927512735920956|600973240|1|277920157|495711|(1.8429880E+004,100)|13.186|2509619|140627|0|0|(NULL,NULL)|empty
6423927512735920956|600973245|0|0|0|(0.0000000E+000,1,1)|.000|0|0|0|0|()|empty
6423927512735920956|600973245|1|277920157|990980|(1.3332679E+004,1000,11999978)|4.406|1218401|21121|0|0|(NULL,NULL,NULL)|empty
