1896684377507639283|1131278627|0|0|0|('')|.000|0|0|0|0|()|empty
1896684377507639283|1131278627|1|49549|1|('')|.000|49549|0|0|0|('')|empty
1896684377507639283|1131278627|2|14977|1|('breakfast')|.000|14976|0|0|0|('breakfast')|empty
1896684377507639283|1131278627|3|11139|1|('dinner')|.000|11138|0|0|0|('dinner')|empty
1896684377507639283|1131278627|4|10735|1|('lunch')|.000|10735|0|0|0|('lunch')|empty
1896684377507639283|1131278632|0|0|0|('afternoon')|.000|0|0|0|0|()|empty
1896684377507639283|1131278632|1|18193|1|('afternoon')|.000|18193|0|0|0|('afternoon')|empty
1896684377507639283|1131278632|2|25327|1|('evening')|.000|25326|0|0|0|('evening')|empty
1896684377507639283|1131278632|3|22120|1|('morning')|.000|22119|0|0|0|('morning')|empty
1896684377507639283|1131278632|4|20760|1|('night')|.000|20760|0|0|0|('night')|empty
1896684377507639283|1131278637|0|0|0|('first')|.000|0|0|0|0|()|empty
1896684377507639283|1131278637|1|29279|1|('first')|.000|29279|0|0|0|('first')|empty
1896684377507639283|1131278637|2|29148|1|('second')|.000|29147|0|0|0|('second')|empty
1896684377507639283|1131278637|3|27973|1|('third')|.000|27973|0|0|0|('third')|empty
1896684377507639283|1131278642|0|0|0|('AM')|.000|0|0|0|0|()|empty
1896684377507639283|1131278642|1|42881|1|('AM')|.000|42880|0|0|0|('AM')|empty
1896684377507639283|1131278642|2|43519|1|('PM')|.000|43519|0|0|0|('PM')|empty
1896684377507639283|1131278647|0|0|0|(0)|.000|0|0|0|0|()|empty
1896684377507639283|1131278647|1|1463|1|(0)|.000|1463|0|0|0|(0)|empty
1896684377507639283|1131278647|2|1411|1|(1)|.000|1410|0|0|0|(1)|empty
1896684377507639283|1131278647|3|1350|1|(2)|.000|1349|0|0|0|(2)|empty
1896684377507639283|1131278647|4|1289|1|(3)|.000|1288|0|0|0|(3)|empty
1896684377507639283|1131278647|5|1359|1|(4)|.000|1358|0|0|0|(4)|empty
1896684377507639283|1131278647|6|1490|1|(5)|.000|1489|0|0|0|(5)|empty
1896684377507639283|1131278647|7|1490|1|(6)|.000|1489|0|0|0|(6)|empty
1896684377507639283|1131278647|8|1473|1|(7)|.000|1472|0|0|0|(7)|empty
1896684377507639283|1131278647|9|1464|1|(8)|.000|1463|0|0|0|(8)|empty
1896684377507639283|1131278647|10|1744|1|(9)|.000|1743|0|0|0|(9)|empty
1896684377507639283|1131278647|11|1639|1|(10)|.000|1638|0|0|0|(10)|empty
1896684377507639283|1131278647|12|1376|1|(11)|.000|1375|0|0|0|(11)|empty
1896684377507639283|1131278647|13|1587|1|(12)|.000|1586|0|0|0|(12)|empty
1896684377507639283|1131278647|14|1438|1|(13)|.000|1437|0|0|0|(13)|empty
1896684377507639283|1131278647|15|1376|1|(14)|.000|1375|0|0|0|(14)|empty
1896684377507639283|1131278647|16|1394|1|(15)|.000|1393|0|0|0|(15)|empty
1896684377507639283|1131278647|17|1482|1|(16)|.000|1481|0|0|0|(16)|empty
1896684377507639283|1131278647|18|1420|1|(17)|.000|1419|0|0|0|(17)|empty
1896684377507639283|1131278647|19|1394|1|(18)|.000|1393|0|0|0|(18)|empty
1896684377507639283|1131278647|20|1411|1|(19)|.000|1410|0|0|0|(19)|empty
1896684377507639283|1131278647|21|1376|1|(20)|.000|1375|0|0|0|(20)|empty
1896684377507639283|1131278647|22|1403|1|(21)|.000|1402|0|0|0|(21)|empty
1896684377507639283|1131278647|23|1333|1|(22)|.000|1332|0|0|0|(22)|empty
1896684377507639283|1131278647|24|1341|1|(23)|.000|1340|0|0|0|(23)|empty
1896684377507639283|1131278647|25|1420|1|(24)|.000|1419|0|0|0|(24)|empty
1896684377507639283|1131278647|26|1499|1|(25)|.000|1498|0|0|0|(25)|empty
1896684377507639283|1131278647|27|1639|1|(26)|.000|1638|0|0|0|(26)|empty
1896684377507639283|1131278647|28|1622|1|(27)|.000|1621|0|0|0|(27)|empty
1896684377507639283|1131278647|29|1499|1|(28)|.000|1498|0|0|0|(28)|empty
1896684377507639283|1131278647|30|1525|1|(29)|.000|1524|0|0|0|(29)|empty
1896684377507639283|1131278647|31|1446|1|(30)|.000|1445|0|0|0|(30)|empty
1896684377507639283|1131278647|32|1490|1|(31)|.000|1489|0|0|0|(31)|empty
1896684377507639283|1131278647|33|1289|1|(32)|.000|1288|0|0|0|(32)|empty
1896684377507639283|1131278647|34|1201|1|(33)|.000|1200|0|0|0|(33)|empty
1896684377507639283|1131278647|35|1438|1|(34)|.000|1437|0|0|0|(34)|empty
1896684377507639283|1131278647|36|1463|1|(35)|.000|1463|0|0|0|(35)|empty
1896684377507639283|1131278647|37|1577|1|(36)|.000|1577|0|0|0|(36)|empty
1896684377507639283|1131278647|38|1445|1|(37)|.000|1445|0|0|0|(37)|empty
1896684377507639283|1131278647|39|1428|1|(38)|.000|1428|0|0|0|(38)|empty
1896684377507639283|1131278647|40|1594|1|(39)|.000|1594|0|0|0|(39)|empty
1896684377507639283|1131278647|41|1410|1|(40)|.000|1410|0|0|0|(40)|empty
1896684377507639283|1131278647|42|1367|1|(41)|.000|1367|0|0|0|(41)|empty
1896684377507639283|1131278647|43|1367|1|(42)|.000|1367|0|0|0|(42)|empty
1896684377507639283|1131278647|44|1472|1|(43)|.000|1472|0|0|0|(43)|empty
1896684377507639283|1131278647|45|1445|1|(44)|.000|1445|0|0|0|(44)|empty
1896684377507639283|1131278647|46|1235|1|(45)|.000|1235|0|0|0|(45)|empty
1896684377507639283|1131278647|47|1288|1|(46)|.000|1288|0|0|0|(46)|empty
1896684377507639283|1131278647|48|1559|1|(47)|.000|1559|0|0|0|(47)|empty
1896684377507639283|1131278647|49|1402|1|(48)|.000|1402|0|0|0|(48)|empty
1896684377507639283|1131278647|50|1463|1|(49)|.000|1463|0|0|0|(49)|empty
1896684377507639283|1131278647|51|1445|1|(50)|.000|1445|0|0|0|(50)|empty
1896684377507639283|1131278647|52|1218|1|(51)|.000|1218|0|0|0|(51)|empty
1896684377507639283|1131278647|53|1384|1|(52)|.000|1384|0|0|0|(52)|empty
1896684377507639283|1131278647|54|1542|1|(53)|.000|1542|0|0|0|(53)|empty
1896684377507639283|1131278647|55|1323|1|(54)|.000|1323|0|0|0|(54)|empty
1896684377507639283|1131278647|56|1419|1|(55)|.000|1419|0|0|0|(55)|empty
1896684377507639283|1131278647|57|1533|1|(56)|.000|1533|0|0|0|(56)|empty
1896684377507639283|1131278647|58|1445|1|(57)|.000|1445|0|0|0|(57)|empty
1896684377507639283|1131278647|59|1393|1|(58)|.000|1393|0|0|0|(58)|empty
1896684377507639283|1131278647|60|1612|1|(59)|.000|1612|0|0|0|(59)|empty
1896684377507639283|1131278653|0|0|0|(0)|.000|0|0|0|0|()|empty
1896684377507639283|1131278653|1|1600|1|(0)|.000|1600|0|0|0|(0)|empty
1896684377507639283|1131278653|2|1593|1|(1)|.000|1592|0|0|0|(1)|empty
1896684377507639283|1131278653|3|1426|1|(2)|.000|1425|0|0|0|(2)|empty
1896684377507639283|1131278653|4|1356|1|(3)|.000|1355|0|0|0|(3)|empty
1896684377507639283|1131278653|5|1540|1|(4)|.000|1539|0|0|0|(4)|empty
1896684377507639283|1131278653|6|1383|1|(5)|.000|1382|0|0|0|(5)|empty
1896684377507639283|1131278653|7|1444|1|(6)|.000|1443|0|0|0|(6)|empty
1896684377507639283|1131278653|8|1444|1|(7)|.000|1443|0|0|0|(7)|empty
1896684377507639283|1131278653|9|1523|1|(8)|.000|1522|0|0|0|(8)|empty
1896684377507639283|1131278653|10|1531|1|(9)|.000|1530|0|0|0|(9)|empty
1896684377507639283|1131278653|11|1295|1|(10)|.000|1294|0|0|0|(10)|empty
1896684377507639283|1131278653|12|1234|1|(11)|.000|1233|0|0|0|(11)|empty
1896684377507639283|1131278653|13|1286|1|(12)|.000|1285|0|0|0|(12)|empty
1896684377507639283|1131278653|14|1356|1|(13)|.000|1355|0|0|0|(13)|empty
1896684377507639283|1131278653|15|1523|1|(14)|.000|1522|0|0|0|(14)|empty
1896684377507639283|1131278653|16|1391|1|(15)|.000|1390|0|0|0|(15)|empty
1896684377507639283|1131278653|17|1496|1|(16)|.000|1495|0|0|0|(16)|empty
1896684377507639283|1131278653|18|1391|1|(17)|.000|1390|0|0|0|(17)|empty
1896684377507639283|1131278653|19|1304|1|(18)|.000|1303|0|0|0|(18)|empty
1896684377507639283|1131278653|20|1505|1|(19)|.000|1504|0|0|0|(19)|empty
1896684377507639283|1131278653|21|1348|1|(20)|.000|1347|0|0|0|(20)|empty
1896684377507639283|1131278653|22|1549|1|(21)|.000|1548|0|0|0|(21)|empty
1896684377507639283|1131278653|23|1461|1|(22)|.000|1460|0|0|0|(22)|empty
1896684377507639283|1131278653|24|1400|1|(23)|.000|1399|0|0|0|(23)|empty
1896684377507639283|1131278653|25|1356|1|(24)|.000|1355|0|0|0|(24)|empty
1896684377507639283|1131278653|26|1418|1|(25)|.000|1417|0|0|0|(25)|empty
1896684377507639283|1131278653|27|1383|1|(26)|.000|1382|0|0|0|(26)|empty
1896684377507639283|1131278653|28|1304|1|(27)|.000|1303|0|0|0|(27)|empty
1896684377507639283|1131278653|29|1540|1|(28)|.000|1539|0|0|0|(28)|empty
1896684377507639283|1131278653|30|1321|1|(29)|.000|1320|0|0|0|(29)|empty
1896684377507639283|1131278653|31|1523|1|(30)|.000|1522|0|0|0|(30)|empty
1896684377507639283|1131278653|32|1470|1|(31)|.000|1469|0|0|0|(31)|empty
1896684377507639283|1131278653|33|1426|1|(32)|.000|1425|0|0|0|(32)|empty
1896684377507639283|1131278653|34|1539|1|(33)|.000|1539|0|0|0|(33)|empty
1896684377507639283|1131278653|35|1469|1|(34)|.000|1469|0|0|0|(34)|empty
1896684377507639283|1131278653|36|1495|1|(35)|.000|1495|0|0|0|(35)|empty
1896684377507639283|1131278653|37|1539|1|(36)|.000|1539|0|0|0|(36)|empty
1896684377507639283|1131278653|38|1653|1|(37)|.000|1653|0|0|0|(37)|empty
1896684377507639283|1131278653|39|1347|1|(38)|.000|1347|0|0|0|(38)|empty
1896684377507639283|1131278653|40|1627|1|(39)|.000|1627|0|0|0|(39)|empty
1896684377507639283|1131278653|41|1399|1|(40)|.000|1399|0|0|0|(40)|empty
1896684377507639283|1131278653|42|1469|1|(41)|.000|1469|0|0|0|(41)|empty
1896684377507639283|1131278653|43|1355|1|(42)|.000|1355|0|0|0|(42)|empty
1896684377507639283|1131278653|44|1408|1|(43)|.000|1408|0|0|0|(43)|empty
1896684377507639283|1131278653|45|1390|1|(44)|.000|1390|0|0|0|(44)|empty
1896684377507639283|1131278653|46|1329|1|(45)|.000|1329|0|0|0|(45)|empty
1896684377507639283|1131278653|47|1338|1|(46)|.000|1338|0|0|0|(46)|empty
1896684377507639283|1131278653|48|1548|1|(47)|.000|1548|0|0|0|(47)|empty
1896684377507639283|1131278653|49|1522|1|(48)|.000|1522|0|0|0|(48)|empty
1896684377507639283|1131278653|50|1434|1|(49)|.000|1434|0|0|0|(49)|empty
1896684377507639283|1131278653|51|1417|1|(50)|.000|1417|0|0|0|(50)|empty
1896684377507639283|1131278653|52|1530|1|(51)|.000|1530|0|0|0|(51)|empty
1896684377507639283|1131278653|53|1539|1|(52)|.000|1539|0|0|0|(52)|empty
1896684377507639283|1131278653|54|1478|1|(53)|.000|1478|0|0|0|(53)|empty
1896684377507639283|1131278653|55|1390|1|(54)|.000|1390|0|0|0|(54)|empty
1896684377507639283|1131278653|56|1259|1|(55)|.000|1259|0|0|0|(55)|empty
1896684377507639283|1131278653|57|1548|1|(56)|.000|1548|0|0|0|(56)|empty
1896684377507639283|1131278653|58|1294|1|(57)|.000|1294|0|0|0|(57)|empty
1896684377507639283|1131278653|59|1434|1|(58)|.000|1434|0|0|0|(58)|empty
1896684377507639283|1131278653|60|1530|1|(59)|.000|1530|0|0|0|(59)|empty
1896684377507639283|1131278656|0|0|0|(0)|.000|0|0|0|0|()|empty
1896684377507639283|1131278656|1|3367|1|(0)|.000|3367|0|0|0|(0)|empty
1896684377507639283|1131278656|2|3465|1|(1)|.000|3464|0|0|0|(1)|empty
1896684377507639283|1131278656|3|3430|1|(2)|.000|3429|0|0|0|(2)|empty
1896684377507639283|1131278656|4|3473|1|(3)|.000|3472|0|0|0|(3)|empty
1896684377507639283|1131278656|5|3709|1|(4)|.000|3708|0|0|0|(4)|empty
1896684377507639283|1131278656|6|3692|1|(5)|.000|3691|0|0|0|(5)|empty
1896684377507639283|1131278656|7|3605|1|(6)|.000|3604|0|0|0|(6)|empty
1896684377507639283|1131278656|8|3543|1|(7)|.000|3542|0|0|0|(7)|empty
1896684377507639283|1131278656|9|3596|1|(8)|.000|3595|0|0|0|(8)|empty
1896684377507639283|1131278656|10|3526|1|(9)|.000|3525|0|0|0|(9)|empty
1896684377507639283|1131278656|11|3543|1|(10)|.000|3542|0|0|0|(10)|empty
1896684377507639283|1131278656|12|3753|1|(11)|.000|3752|0|0|0|(11)|empty
1896684377507639283|1131278656|13|3438|1|(12)|.000|3437|0|0|0|(12)|empty
1896684377507639283|1131278656|14|3464|1|(13)|.000|3464|0|0|0|(13)|empty
1896684377507639283|1131278656|15|3586|1|(14)|.000|3586|0|0|0|(14)|empty
1896684377507639283|1131278656|16|3787|1|(15)|.000|3787|0|0|0|(15)|empty
1896684377507639283|1131278656|17|3796|1|(16)|.000|3796|0|0|0|(16)|empty
1896684377507639283|1131278656|18|3883|1|(17)|.000|3883|0|0|0|(17)|empty
1896684377507639283|1131278656|19|3455|1|(18)|.000|3455|0|0|0|(18)|empty
1896684377507639283|1131278656|20|3560|1|(19)|.000|3560|0|0|0|(19)|empty
1896684377507639283|1131278656|21|3534|1|(20)|.000|3534|0|0|0|(20)|empty
1896684377507639283|1131278656|22|3612|1|(21)|.000|3612|0|0|0|(21)|empty
1896684377507639283|1131278656|23|3726|1|(22)|.000|3726|0|0|0|(22)|empty
1896684377507639283|1131278656|24|3857|1|(23)|.000|3857|0|0|0|(23)|empty
1896684377507639283|1131278662|0|0|0|(1)|.000|0|0|0|0|()|empty
1896684377507639283|1131278662|1|1428|1428|(1380)|.000|1|1|0|0|(1)|empty
1896684377507639283|1131278662|2|8|8|(1444)|.000|1|0|0|0|(1444)|empty
1896684377507639283|1131278662|3|981|981|(2486)|.000|1|0|0|0|(2486)|empty
1896684377507639283|1131278662|4|1946|1946|(4351)|.000|1|1|0|0|(2495)|empty
1896684377507639283|1131278662|5|1017|1017|(5408)|.000|1|0|0|0|(5408)|empty
1896684377507639283|1131278662|6|1420|1420|(7019)|.000|1|0|0|0|(7019)|empty
1896684377507639283|1131278662|7|499|499|(7469)|.000|1|0|0|0|(7469)|empty
1896684377507639283|1131278662|8|1972|1972|(9681)|.000|1|1|0|0|(7475)|empty
1896684377507639283|1131278662|9|148|148|(9874)|.000|1|0|0|0|(9874)|empty
1896684377507639283|1131278662|10|1972|1972|(11801)|.000|1|1|0|0|(9876)|empty
1896684377507639283|1131278662|11|1972|1972|(13682)|.000|1|1|0|0|(11802)|empty
1896684377507639283|1131278662|12|1972|1972|(15700)|.000|1|1|0|0|(13687)|empty
1896684377507639283|1131278662|13|1008|1008|(16599)|.000|1|0|0|0|(16599)|empty
1896684377507639283|1131278662|14|1946|1946|(18748)|.000|1|1|0|0|(16603)|empty
1896684377507639283|1131278662|15|1780|1780|(20765)|.000|1|1|0|0|(19148)|empty
1896684377507639283|1131278662|16|8|8|(20831)|.000|1|0|0|0|(20831)|empty
1896684377507639283|1131278662|17|1946|1946|(22839)|.000|1|1|0|0|(20835)|empty
1896684377507639283|1131278662|18|1946|1946|(24891)|.000|1|1|0|0|(22843)|empty
1896684377507639283|1131278662|19|1946|1946|(26738)|.000|1|1|0|0|(24906)|empty
1896684377507639283|1131278662|20|1946|1946|(28625)|.000|1|1|0|0|(26753)|empty
1896684377507639283|1131278662|21|157|157|(28817)|.000|1|0|0|0|(28817)|empty
1896684377507639283|1131278662|22|1946|1946|(30548)|.000|1|1|0|0|(28834)|empty
1896684377507639283|1131278662|23|1946|1946|(32435)|.000|1|1|0|0|(30558)|empty
1896684377507639283|1131278662|24|1946|1946|(34381)|.000|1|1|0|0|(32437)|empty
1896684377507639283|1131278662|25|1946|1946|(36056)|.000|1|1|0|0|(34394)|empty
1896684377507639283|1131278662|26|1946|1946|(37965)|.000|1|1|0|0|(36068)|empty
1896684377507639283|1131278662|27|1289|1289|(39426)|.000|1|0|0|0|(39426)|empty
1896684377507639283|1131278662|28|1972|1972|(41270)|.000|1|1|0|0|(39427)|empty
1896684377507639283|1131278662|29|219|219|(41543)|.000|1|0|0|0|(41543)|empty
1896684377507639283|1131278662|30|1964|1964|(43509)|.000|1|1|0|0|(41544)|empty
1896684377507639283|1131278662|31|1964|1964|(45336)|.000|1|1|0|0|(43531)|empty
1896684377507639283|1131278662|32|1964|1964|(47280)|.000|1|1|0|0|(45340)|empty
1896684377507639283|1131278662|33|1964|1964|(49407)|.000|1|1|0|0|(47293)|empty
1896684377507639283|1131278662|34|1963|1963|(51397)|.000|1|1|0|0|(49420)|empty
1896684377507639283|1131278662|35|1963|1963|(53398)|.000|1|1|0|0|(51410)|empty
1896684377507639283|1131278662|36|1963|1963|(55266)|.000|1|1|0|0|(53408)|empty
1896684377507639283|1131278662|37|1963|1963|(57066)|.000|1|1|0|0|(55267)|empty
1896684377507639283|1131278662|38|1963|1963|(59086)|.000|1|1|0|0|(57072)|empty
1896684377507639283|1131278662|39|1963|1963|(61003)|.000|1|1|0|0|(59094)|empty
1896684377507639283|1131278662|40|1963|1963|(62864)|.000|1|1|0|0|(61022)|empty
1896684377507639283|1131278662|41|1963|1963|(64756)|.000|1|1|0|0|(62871)|empty
1896684377507639283|1131278662|42|1963|1963|(66651)|.000|1|1|0|0|(64765)|empty
1896684377507639283|1131278662|43|1963|1963|(68568)|.000|1|1|0|0|(66655)|empty
1896684377507639283|1131278662|44|1963|1963|(70419)|.000|1|1|0|0|(68575)|empty
1896684377507639283|1131278662|45|1963|1963|(72535)|.000|1|1|0|0|(70424)|empty
1896684377507639283|1131278662|46|96|96|(72609)|.000|1|1|0|0|(72537)|empty
1896684377507639283|1131278662|47|8|8|(72671)|.000|1|0|0|0|(72671)|empty
1896684377507639283|1131278662|48|1945|1945|(74611)|.000|1|1|0|0|(72674)|empty
1896684377507639283|1131278662|49|1945|1945|(76655)|.000|1|1|0|0|(74613)|empty
1896684377507639283|1131278662|50|1454|1454|(78132)|.000|1|1|0|0|(76675)|empty
1896684377507639283|1131278662|51|8|8|(78198)|.000|1|0|0|0|(78198)|empty
1896684377507639283|1131278662|52|1656|1656|(79860)|.000|1|1|0|0|(78212)|empty
1896684377507639283|1131278662|53|1656|1656|(81453)|.000|1|1|0|0|(79868)|empty
1896684377507639283|1131278662|54|928|928|(82374)|.000|1|1|0|0|(81455)|empty
1896684377507639283|1131278662|55|8|8|(82444)|.000|1|0|0|0|(82444)|empty
1896684377507639283|1131278662|56|1349|1349|(83652)|.000|1|1|0|0|(82447)|empty
1896684377507639283|1131278662|57|1349|1349|(84922)|.000|1|1|0|0|(83665)|empty
1896684377507639283|1131278662|58|1358|1358|(86399)|.000|1|1|0|0|(84924)|empty
1896684377507639283|1131278667|0|0|0|('AAAAAAAAAAAABAAA')|.000|0|0|0|0|()|empty
1896684377507639283|1131278667|1|1393|1393|('AAAAAAAAADLDAAAA')|.000|1|1|0|0|('AAAAAAAAAAAABAAA')|empty
1896684377507639283|1131278667|2|1394|1394|('AAAAAAAAAHJDBAAA')|.000|1|1|0|0|('AAAAAAAAADLEAAAA')|empty
1896684377507639283|1131278667|3|1394|1394|('AAAAAAAAAMDLAAAA')|.000|1|1|0|0|('AAAAAAAAAHJEAAAA')|empty
1896684377507639283|1131278667|4|1394|1394|('AAAAAAAABAHAAAAA')|.000|1|1|0|0|('AAAAAAAAAMDMAAAA')|empty
1896684377507639283|1131278667|5|1394|1394|('AAAAAAAABECEBAAA')|.000|1|1|0|0|('AAAAAAAABAHCAAAA')|empty
1896684377507639283|1131278667|6|1394|1394|('AAAAAAAABIEBBAAA')|.000|1|1|0|0|('AAAAAAAABECGAAAA')|empty
1896684377507639283|1131278667|7|1394|1394|('AAAAAAAABMIAAAAA')|.000|1|1|0|0|('AAAAAAAABIEDAAAA')|empty
1896684377507639283|1131278667|8|1394|1394|('AAAAAAAACANEAAAA')|.000|1|1|0|0|('AAAAAAAABMIOAAAA')|empty
1896684377507639283|1131278667|9|1394|1394|('AAAAAAAACEIABAAA')|.000|1|1|0|0|('AAAAAAAACANMAAAA')|empty
1896684377507639283|1131278667|10|1394|1394|('AAAAAAAACIPDAAAA')|.000|1|1|0|0|('AAAAAAAACEICAAAA')|empty
1896684377507639283|1131278667|11|1394|1394|('AAAAAAAACNDIAAAA')|.000|1|1|0|0|('AAAAAAAACIPJAAAA')|empty
1896684377507639283|1131278667|12|1394|1394|('AAAAAAAADBBBBAAA')|.000|1|1|0|0|('AAAAAAAACNDMAAAA')|empty
1896684377507639283|1131278667|13|1394|1394|('AAAAAAAADFEFAAAA')|.000|1|1|0|0|('AAAAAAAADBBEAAAA')|empty
1896684377507639283|1131278667|14|1394|1394|('AAAAAAAADJDPAAAA')|.000|1|1|0|0|('AAAAAAAADFEPAAAA')|empty
1896684377507639283|1131278667|15|1394|1394|('AAAAAAAADNGDAAAA')|.000|1|1|0|0|('AAAAAAAADJECBAAA')|empty
1896684377507639283|1131278667|16|1394|1394|('AAAAAAAAEBKGAAAA')|.000|1|1|0|0|('AAAAAAAADNHCBAAA')|empty
1896684377507639283|1131278667|17|1394|1394|('AAAAAAAAEGHPAAAA')|.000|1|1|0|0|('AAAAAAAAEBLEAAAA')|empty
1896684377507639283|1131278667|18|1394|1394|('AAAAAAAAEKINAAAA')|.000|1|1|0|0|('AAAAAAAAEGIABAAA')|empty
1896684377507639283|1131278667|19|1394|1394|('AAAAAAAAEOJOAAAA')|.000|1|1|0|0|('AAAAAAAAEKJCAAAA')|empty
1896684377507639283|1131278667|20|1394|1394|('AAAAAAAAFCIGAAAA')|.000|1|1|0|0|('AAAAAAAAEOKEAAAA')|empty
1896684377507639283|1131278667|21|1394|1394|('AAAAAAAAFHDKAAAA')|.000|1|1|0|0|('AAAAAAAAFCIKAAAA')|empty
1896684377507639283|1131278667|22|1394|1394|('AAAAAAAAFKIKAAAA')|.000|1|1|0|0|('AAAAAAAAFHEAAAAA')|empty
1896684377507639283|1131278667|23|1394|1394|('AAAAAAAAFOLAAAAA')|.000|1|1|0|0|('AAAAAAAAFKIOAAAA')|empty
1896684377507639283|1131278667|24|1394|1394|('AAAAAAAAGCPCAAAA')|.000|1|1|0|0|('AAAAAAAAFOLABAAA')|empty
1896684377507639283|1131278667|25|1394|1394|('AAAAAAAAGHGFAAAA')|.000|1|1|0|0|('AAAAAAAAGCPCBAAA')|empty
1896684377507639283|1131278667|26|1394|1394|('AAAAAAAAGLIBAAAA')|.000|1|1|0|0|('AAAAAAAAGHGNAAAA')|empty
1896684377507639283|1131278667|27|1393|1393|('AAAAAAAAGPGGAAAA')|.000|1|1|0|0|('AAAAAAAAGLIIAAAA')|empty
1896684377507639283|1131278667|28|1393|1393|('AAAAAAAAHDMBAAAA')|.000|1|1|0|0|('AAAAAAAAGPGIAAAA')|empty
1896684377507639283|1131278667|29|1393|1393|('AAAAAAAAHIBHAAAA')|.000|1|1|0|0|('AAAAAAAAHDMFAAAA')|empty
1896684377507639283|1131278667|30|1393|1393|('AAAAAAAAHLODBAAA')|.000|1|1|0|0|('AAAAAAAAHIBKAAAA')|empty
1896684377507639283|1131278667|31|1393|1393|('AAAAAAAAHPLOAAAA')|.000|1|1|0|0|('AAAAAAAAHLOFAAAA')|empty
1896684377507639283|1131278667|32|1393|1393|('AAAAAAAAIDLPAAAA')|.000|1|1|0|0|('AAAAAAAAHPMCAAAA')|empty
1896684377507639283|1131278667|33|1393|1393|('AAAAAAAAIIBBAAAA')|.000|1|1|0|0|('AAAAAAAAIDMGAAAA')|empty
1896684377507639283|1131278667|34|1393|1393|('AAAAAAAAIMBGAAAA')|.000|1|1|0|0|('AAAAAAAAIIBBBAAA')|empty
1896684377507639283|1131278667|35|1393|1393|('AAAAAAAAJAKDBAAA')|.000|1|1|0|0|('AAAAAAAAIMCCBAAA')|empty
1896684377507639283|1131278667|36|1393|1393|('AAAAAAAAJFFDBAAA')|.000|1|1|0|0|('AAAAAAAAJAKPAAAA')|empty
1896684377507639283|1131278667|37|1393|1393|('AAAAAAAAJJHHAAAA')|.000|1|1|0|0|('AAAAAAAAJFFEAAAA')|empty
1896684377507639283|1131278667|38|1393|1393|('AAAAAAAAJNKGAAAA')|.000|1|1|0|0|('AAAAAAAAJJIAAAAA')|empty
1896684377507639283|1131278667|39|1393|1393|('AAAAAAAAKBKBAAAA')|.000|1|1|0|0|('AAAAAAAAJNLABAAA')|empty
1896684377507639283|1131278667|40|1393|1393|('AAAAAAAAKFKJAAAA')|.000|1|1|0|0|('AAAAAAAAKBKDBAAA')|empty
1896684377507639283|1131278667|41|1393|1393|('AAAAAAAAKJIEBAAA')|.000|1|1|0|0|('AAAAAAAAKFKKAAAA')|empty
1896684377507639283|1131278667|42|1393|1393|('AAAAAAAAKNOPAAAA')|.000|1|1|0|0|('AAAAAAAAKJIFAAAA')|empty
1896684377507639283|1131278667|43|1393|1393|('AAAAAAAALBKNAAAA')|.000|1|1|0|0|('AAAAAAAAKNPBBAAA')|empty
1896684377507639283|1131278667|44|1393|1393|('AAAAAAAALGACBAAA')|.000|1|1|0|0|('AAAAAAAALBLBAAAA')|empty
1896684377507639283|1131278667|45|1393|1393|('AAAAAAAALKBBBAAA')|.000|1|1|0|0|('AAAAAAAALGANAAAA')|empty
1896684377507639283|1131278667|46|1393|1393|('AAAAAAAALOGABAAA')|.000|1|1|0|0|('AAAAAAAALKBHAAAA')|empty
1896684377507639283|1131278667|47|1393|1393|('AAAAAAAAMCAGAAAA')|.000|1|1|0|0|('AAAAAAAALOGHAAAA')|empty
1896684377507639283|1131278667|48|1393|1393|('AAAAAAAAMFPFAAAA')|.000|1|1|0|0|('AAAAAAAAMCALAAAA')|empty
1896684377507639283|1131278667|49|1393|1393|('AAAAAAAAMJPOAAAA')|.000|1|1|0|0|('AAAAAAAAMGABBAAA')|empty
1896684377507639283|1131278667|50|1393|1393|('AAAAAAAAMNPAAAAA')|.000|1|1|0|0|('AAAAAAAAMKAABAAA')|empty
1896684377507639283|1131278667|51|1393|1393|('AAAAAAAANBDBBAAA')|.000|1|1|0|0|('AAAAAAAAMNPCAAAA')|empty
1896684377507639283|1131278667|52|1393|1393|('AAAAAAAANFAKAAAA')|.000|1|1|0|0|('AAAAAAAANBDIAAAA')|empty
1896684377507639283|1131278667|53|1393|1393|('AAAAAAAANJBOAAAA')|.000|1|1|0|0|('AAAAAAAANFCCBAAA')|empty
1896684377507639283|1131278667|54|1393|1393|('AAAAAAAANNEDBAAA')|.000|1|1|0|0|('AAAAAAAANJDBBAAA')|empty
1896684377507639283|1131278667|55|1393|1393|('AAAAAAAAOBNCBAAA')|.000|1|1|0|0|('AAAAAAAANNFEBAAA')|empty
1896684377507639283|1131278667|56|1393|1393|('AAAAAAAAOGIDBAAA')|.000|1|1|0|0|('AAAAAAAAOBNDBAAA')|empty
1896684377507639283|1131278667|57|1393|1393|('AAAAAAAAOLCCBAAA')|.000|1|1|0|0|('AAAAAAAAOGINAAAA')|empty
1896684377507639283|1131278667|58|1393|1393|('AAAAAAAAOOJGAAAA')|.000|1|1|0|0|('AAAAAAAAOLCDAAAA')|empty
1896684377507639283|1131278667|59|1393|1393|('AAAAAAAAPCLABAAA')|.000|1|1|0|0|('AAAAAAAAOOKAAAAA')|empty
1896684377507639283|1131278667|60|1393|1393|('AAAAAAAAPHCHAAAA')|.000|1|1|0|0|('AAAAAAAAPCLBBAAA')|empty
1896684377507639283|1131278667|61|1393|1393|('AAAAAAAAPLJPAAAA')|.000|1|1|0|0|('AAAAAAAAPHCJAAAA')|empty
1896684377507639283|1131278667|62|1402|1402|('AAAAAAAAPPPNAAAA')|.000|1|1|0|0|('AAAAAAAAPLKIAAAA')|empty
1896684377507639283|1131278672|0|0|0|(1)|.000|0|0|0|0|()|empty
1896684377507639283|1131278672|1|1428|1428|(1380)|.000|1|1|0|0|(1)|empty
1896684377507639283|1131278672|2|8|8|(1444)|.000|1|0|0|0|(1444)|empty
1896684377507639283|1131278672|3|981|981|(2486)|.000|1|0|0|0|(2486)|empty
1896684377507639283|1131278672|4|1946|1946|(4351)|.000|1|1|0|0|(2495)|empty
1896684377507639283|1131278672|5|1017|1017|(5408)|.000|1|0|0|0|(5408)|empty
1896684377507639283|1131278672|6|1420|1420|(7019)|.000|1|0|0|0|(7019)|empty
1896684377507639283|1131278672|7|499|499|(7469)|.000|1|0|0|0|(7469)|empty
1896684377507639283|1131278672|8|1972|1972|(9681)|.000|1|1|0|0|(7475)|empty
1896684377507639283|1131278672|9|148|148|(9874)|.000|1|0|0|0|(9874)|empty
1896684377507639283|1131278672|10|1972|1972|(11801)|.000|1|1|0|0|(9876)|empty
1896684377507639283|1131278672|11|1972|1972|(13682)|.000|1|1|0|0|(11802)|empty
1896684377507639283|1131278672|12|1972|1972|(15700)|.000|1|1|0|0|(13687)|empty
1896684377507639283|1131278672|13|1008|1008|(16599)|.000|1|0|0|0|(16599)|empty
1896684377507639283|1131278672|14|1946|1946|(18748)|.000|1|1|0|0|(16603)|empty
1896684377507639283|1131278672|15|1780|1780|(20765)|.000|1|1|0|0|(19148)|empty
1896684377507639283|1131278672|16|8|8|(20831)|.000|1|0|0|0|(20831)|empty
1896684377507639283|1131278672|17|1946|1946|(22839)|.000|1|1|0|0|(20835)|empty
1896684377507639283|1131278672|18|1946|1946|(24891)|.000|1|1|0|0|(22843)|empty
1896684377507639283|1131278672|19|1946|1946|(26738)|.000|1|1|0|0|(24906)|empty
1896684377507639283|1131278672|20|1946|1946|(28625)|.000|1|1|0|0|(26753)|empty
1896684377507639283|1131278672|21|157|157|(28817)|.000|1|0|0|0|(28817)|empty
1896684377507639283|1131278672|22|1946|1946|(30548)|.000|1|1|0|0|(28834)|empty
1896684377507639283|1131278672|23|1946|1946|(32435)|.000|1|1|0|0|(30558)|empty
1896684377507639283|1131278672|24|1946|1946|(34381)|.000|1|1|0|0|(32437)|empty
1896684377507639283|1131278672|25|1946|1946|(36056)|.000|1|1|0|0|(34394)|empty
1896684377507639283|1131278672|26|1946|1946|(37965)|.000|1|1|0|0|(36068)|empty
1896684377507639283|1131278672|27|1289|1289|(39426)|.000|1|0|0|0|(39426)|empty
1896684377507639283|1131278672|28|1972|1972|(41270)|.000|1|1|0|0|(39427)|empty
1896684377507639283|1131278672|29|219|219|(41543)|.000|1|0|0|0|(41543)|empty
1896684377507639283|1131278672|30|1964|1964|(43509)|.000|1|1|0|0|(41544)|empty
1896684377507639283|1131278672|31|1964|1964|(45336)|.000|1|1|0|0|(43531)|empty
1896684377507639283|1131278672|32|1964|1964|(47280)|.000|1|1|0|0|(45340)|empty
1896684377507639283|1131278672|33|1964|1964|(49407)|.000|1|1|0|0|(47293)|empty
1896684377507639283|1131278672|34|1963|1963|(51397)|.000|1|1|0|0|(49420)|empty
1896684377507639283|1131278672|35|1963|1963|(53398)|.000|1|1|0|0|(51410)|empty
1896684377507639283|1131278672|36|1963|1963|(55266)|.000|1|1|0|0|(53408)|empty
1896684377507639283|1131278672|37|1963|1963|(57066)|.000|1|1|0|0|(55267)|empty
1896684377507639283|1131278672|38|1963|1963|(59086)|.000|1|1|0|0|(57072)|empty
1896684377507639283|1131278672|39|1963|1963|(61003)|.000|1|1|0|0|(59094)|empty
1896684377507639283|1131278672|40|1963|1963|(62864)|.000|1|1|0|0|(61022)|empty
1896684377507639283|1131278672|41|1963|1963|(64756)|.000|1|1|0|0|(62871)|empty
1896684377507639283|1131278672|42|1963|1963|(66651)|.000|1|1|0|0|(64765)|empty
1896684377507639283|1131278672|43|1963|1963|(68568)|.000|1|1|0|0|(66655)|empty
1896684377507639283|1131278672|44|1963|1963|(70419)|.000|1|1|0|0|(68575)|empty
1896684377507639283|1131278672|45|1963|1963|(72535)|.000|1|1|0|0|(70424)|empty
1896684377507639283|1131278672|46|96|96|(72609)|.000|1|1|0|0|(72537)|empty
1896684377507639283|1131278672|47|8|8|(72671)|.000|1|0|0|0|(72671)|empty
1896684377507639283|1131278672|48|1945|1945|(74611)|.000|1|1|0|0|(72674)|empty
1896684377507639283|1131278672|49|1945|1945|(76655)|.000|1|1|0|0|(74613)|empty
1896684377507639283|1131278672|50|1454|1454|(78132)|.000|1|1|0|0|(76675)|empty
1896684377507639283|1131278672|51|8|8|(78198)|.000|1|0|0|0|(78198)|empty
1896684377507639283|1131278672|52|1656|1656|(79860)|.000|1|1|0|0|(78212)|empty
1896684377507639283|1131278672|53|1656|1656|(81453)|.000|1|1|0|0|(79868)|empty
1896684377507639283|1131278672|54|928|928|(82374)|.000|1|1|0|0|(81455)|empty
1896684377507639283|1131278672|55|8|8|(82444)|.000|1|0|0|0|(82444)|empty
1896684377507639283|1131278672|56|1349|1349|(83652)|.000|1|1|0|0|(82447)|empty
1896684377507639283|1131278672|57|1349|1349|(84922)|.000|1|1|0|0|(83665)|empty
1896684377507639283|1131278672|58|1358|1358|(86399)|.000|1|1|0|0|(84924)|empty
1896684377507639283|1131278677|0|0|0|(0,0)|.000|0|0|0|0|()|empty
1896684377507639283|1131278677|1|86400|1440|(59,23)|.000|183|139|0|0|(37,16)|empty
