6423927512735800034|134908376|0|33|1|48|1432777090|1836|2016-08-16 14:28:42|(2450815)|(2452654)|0001-01-01 00:00:00|0|0|4|6|4.70811788880505792E-002|M|0|-1|0|0|empty|empty
6423927512735800034|134908381|0|32|1|55|1432777090|1706266|2016-08-16 14:48:05|(-9.9780000E+003)|(1.8059519E+004)|0001-01-01 00:00:00|0|0|23|6|6.30025226348121344E-001|M|0|-1|0|0|empty|empty
6423927512735800034|134908386|0|31|1|60|1432777090|2330885|2016-08-16 14:28:42|(0.0000000E+000)|(3.9814519E+004)|0001-01-01 00:00:00|0|0|4|6|3.42433283523719936E-001|M|0|-1|0|0|empty|empty
6423927512735800034|134908391|0|30|1|56|1432777090|1888369|2016-08-16 14:28:42|(0.0000000E+000)|(3.9149500E+004)|0001-01-01 00:00:00|0|0|5|6|6.10426517737645440E-001|M|0|-1|0|0|empty|empty
6423927512735800034|134908396|0|29|1|56|1432777090|1811314|2016-08-16 14:28:42|(0.0000000E+000)|(3.0271320E+004)|0001-01-01 00:00:00|0|0|4|6|1.09835278404995408E-001|M|0|-1|0|0|empty|empty
6423927512735800034|134908401|0|28|1|59|1432777090|1401012|2016-08-16 14:28:42|(0.0000000E+000)|(2.8029000E+004)|0001-01-01 00:00:00|0|0|4|6|6.88972138019926784E-001|M|0|-1|0|0|empty|empty
6423927512735800034|134908406|0|27|1|61|1432777090|604802|2016-08-16 14:28:42|(0.0000000E+000)|(1.4424000E+004)|0001-01-01 00:00:00|0|0|4|6|9.03695212585723392E-001|M|0|-1|0|0|empty|empty
6423927512735800034|134908411|0|26|1|13|1432777090|1021787|2016-08-16 14:28:42|(0.0000000E+000)|(2.5112119E+004)|0001-01-01 00:00:00|0|0|4|6|3.44012583097006656E-002|M|0|-1|0|0|empty|empty
6423927512735800034|134908416|0|25|1|50|1432777090|144327|2016-08-16 14:28:42|(0.0000000E+000)|(2.3808701E+003)|0001-01-01 00:00:00|0|0|4|6|1.39119557029206176E-002|M|0|-1|0|0|empty|empty
6423927512735800034|134908421|0|24|1|60|1432777090|1629125|2016-08-16 14:28:42|(1.3500000E+000)|(2.9541000E+004)|0001-01-01 00:00:00|0|0|4|6|5.05637595577605952E-001|M|0|-1|0|0|empty|empty
6423927512735800034|134908426|0|23|1|58|1432777090|584222|2016-08-16 14:28:42|(1.0099999E+000)|(1.0000000E+004)|0001-01-01 00:00:00|0|0|4|6|6.03217447126292992E-001|M|0|-1|0|0|empty|empty
6423927512735800034|134908431|0|22|1|59|1432777090|1122847|2016-08-16 14:49:24|(0.0000000E+000)|(2.8723000E+004)|0001-01-01 00:00:00|0|0|24|6|7.40783541757581056E-001|M|0|-1|0|0|empty|empty
6423927512735800034|134908436|0|21|1|57|1432777090|1133727|2016-08-16 14:28:42|(0.0000000E+000)|(2.8086800E+004)|0001-01-01 00:00:00|0|0|4|6|7.47681767170012928E-001|M|0|-1|0|0|empty|empty
6423927512735800034|134908441|0|20|1|59|1432777090|49606|2016-08-16 14:28:42|(0.0000000E+000)|(2.9395999E+002)|0001-01-01 00:00:00|0|0|4|6|1.07942184997406160E-002|M|0|-1|0|0|empty|empty
6423927512735800034|134908446|0|19|1|58|1432777090|35472|2016-08-16 14:50:41|(1.0000000E+000)|(2.9997000E+002)|0001-01-01 00:00:00|0|0|24|6|2.18650155786266560E-002|M|0|-1|0|0|empty|empty
6423927512735800034|134908451|0|18|1|49|1432777090|9902|2016-08-16 14:28:42|(1.0000000E+000)|(1.0000000E+002)|0001-01-01 00:00:00|0|0|4|6|2.99909337163501824E-004|M|0|-1|0|0|empty|empty
6423927512735800034|134908456|0|17|1|78|1432777090|101|2016-08-16 14:50:41|(1)|(100)|0001-01-01 00:00:00|0|0|24|6|0.00000000000000000E+000|M|0|-1|0|0|empty|empty
6423927512735800034|134908460|0|16|1|28|1432777090|142194375|2016-08-16 16:15:25|(251)|(159999898)|0001-01-01 00:00:00|0|0|24|6|8.37524388617116928E-004|M|0|-1|0|0|empty|empty
6423927512735800034|134908466|0|15|1|49|1432777090|1501|2016-08-16 14:28:42|(1)|(1500)|0001-01-01 00:00:00|0|0|4|6|1.03066560319007664E-004|M|0|-1|0|0|empty|empty
6423927512735800034|134908470|0|14|1|53|1432777090|324100|2016-08-16 16:15:25|(1)|(300000)|0001-01-01 00:00:00|0|0|24|6|1.87374465381248000E-001|M|0|-1|0|0|empty|empty
6423927512735800034|134908476|0|13|1|21|1432777090|21|2016-08-16 14:28:42|(1)|(20)|0001-01-01 00:00:00|0|0|4|6|0.00000000000000000E+000|M|0|-1|0|0|empty|empty
6423927512735800034|134908481|0|12|1|21|1432777090|21|2016-08-16 14:28:42|(1)|(20)|0001-01-01 00:00:00|0|0|4|6|0.00000000000000000E+000|M|0|-1|0|0|empty|empty
6423927512735800034|134908486|0|11|1|57|1432777090|16904|2016-08-16 14:28:42|(1)|(25207)|0001-01-01 00:00:00|0|0|4|6|2.18682022739220416E-001|M|0|-1|0|0|empty|empty
6423927512735800034|134908491|0|10|1|43|1432777090|43|2016-08-16 14:46:43|(1)|(42)|0001-01-01 00:00:00|0|0|17|6|0.00000000000000000E+000|M|0|-1|0|0|empty|empty
6423927512735800034|134908496|0|9|1|31|1432777090|5917586|2016-08-16 14:28:42|(13)|(6000000)|0001-01-01 00:00:00|0|0|4|6|5.17933999860823872E-003|M|0|-1|0|0|empty|empty
6423927512735800034|134908501|0|8|1|49|1432777090|7201|2016-08-16 14:28:42|(1)|(7200)|0001-01-01 00:00:00|0|0|4|6|1.99110451154597504E-004|M|0|-1|0|0|empty|empty
6423927512735800034|134908506|0|7|1|46|1432777090|1946456|2016-08-16 14:28:42|(1)|(1920799)|0001-01-01 00:00:00|0|0|4|6|4.35234493969933376E-003|M|0|-1|0|0|empty|empty
6423927512735800034|134908511|0|6|1|41|1432777090|11337740|2016-08-16 14:28:42|(4)|(11999996)|0001-01-01 00:00:00|0|0|4|6|4.86560802622874880E-003|M|0|-1|0|0|empty|empty
6423927512735800034|134908516|0|5|1|37|1432777090|5891942|2016-08-16 14:28:42|(5)|(6000000)|0001-01-01 00:00:00|0|0|4|6|6.36114615611473664E-003|M|0|-1|0|0|empty|empty
6423927512735800034|134908521|0|4|1|49|1432777090|7201|2016-08-16 14:28:42|(1)|(7200)|0001-01-01 00:00:00|0|0|4|6|2.67118712583086496E-004|M|0|-1|0|0|empty|empty
6423927512735800034|134908526|0|3|1|55|1432777090|1961786|2016-08-16 14:28:42|(1)|(1920799)|0001-01-01 00:00:00|0|0|4|6|5.71429752996330304E-003|M|0|-1|0|0|empty|empty
6423927512735800034|134908531|0|2|1|25|1432777090|11245278|2016-08-16 14:45:27|(8)|(11999993)|0001-01-01 00:00:00|0|0|24|6|5.23398712997438784E-003|M|0|-1|0|0|empty|empty
6423927512735800034|134908536|0|1|1|49|1432777090|1929|2016-08-16 14:28:42|(2450817)|(2452744)|0001-01-01 00:00:00|0|0|4|6|2.38080726496583552E-002|M|0|-1|0|0|empty|empty
6423927512735800034|134908541|0|0|1|56|1432777090|86857|2016-08-16 14:28:42|(0)|(86399)|0001-01-01 00:00:00|0|0|5|6|1.68816063509815872E-002|M|0|-1|0|0|empty|empty
6423927512735800034|134908544|0|14|2|1|1432777090|999408|2016-08-16 14:45:27|(1,8)|(300000,11999993)|0001-01-01 00:00:00|0|0|24|6|0.00000000000000000E+000|M|0|-1|0|0|empty|empty
6423927512735800034|134908544|1|2|2|1|1432777090|999408|2016-08-16 14:45:27|(1,8)|(300000,11999993)|0001-01-01 00:00:00|0|0|24|6|0.00000000000000000E+000|M|0|-1|0|0|empty|empty
6423927512735800034|134908551|0|32|3|1|1432777090|999974|2016-08-16 14:46:43|(-9.9400000E+003,0.0000000E+000,1)|(1.8956000E+004,2.8881000E+004,42)|0001-01-01 00:00:00|0|0|17|6|0.00000000000000000E+000|M|0|-1|0|0|empty|empty
6423927512735800034|134908551|1|22|3|1|1432777090|999974|2016-08-16 14:46:43|(-9.9400000E+003,0.0000000E+000,1)|(1.8956000E+004,2.8881000E+004,42)|0001-01-01 00:00:00|0|0|17|6|0.00000000000000000E+000|M|0|-1|0|0|empty|empty
6423927512735800034|134908551|2|10|3|1|1432777090|999974|2016-08-16 14:46:43|(-9.9400000E+003,0.0000000E+000,1)|(1.8956000E+004,2.8881000E+004,42)|0001-01-01 00:00:00|0|0|17|6|0.00000000000000000E+000|M|0|-1|0|0|empty|empty
6423927512735800034|134908554|0|32|2|1|1432777090|999141|2016-08-16 14:48:05|(-9.9780000E+003,0.0000000E+000)|(1.8059519E+004,2.7916000E+004)|0001-01-01 00:00:00|0|0|23|6|0.00000000000000000E+000|M|0|-1|0|0|empty|empty
6423927512735800034|134908554|1|22|2|1|1432777090|999141|2016-08-16 14:48:05|(-9.9780000E+003,0.0000000E+000)|(1.8059519E+004,2.7916000E+004)|0001-01-01 00:00:00|0|0|23|6|0.00000000000000000E+000|M|0|-1|0|0|empty|empty
6423927512735800034|134908561|0|22|2|1|1432777090|661634|2016-08-16 14:49:24|(0.0000000E+000,1)|(2.8723000E+004,100)|0001-01-01 00:00:00|0|0|24|6|6.67709877440361088E-002|M|0|-1|0|0|empty|empty
6423927512735800034|134908561|1|17|2|1|1432777090|661634|2016-08-16 14:49:24|(0.0000000E+000,1)|(2.8723000E+004,100)|0001-01-01 00:00:00|0|0|24|6|6.67709877440361088E-002|M|0|-1|0|0|empty|empty
6423927512735800034|134908564|0|19|2|1|1432777090|804295|2016-08-16 14:50:41|(1.0000000E+000,1)|(2.9997000E+002,100)|0001-01-01 00:00:00|0|0|24|6|2.90488579952151936E-001|M|0|-1|0|0|empty|empty
6423927512735800034|134908564|1|17|2|1|1432777090|804295|2016-08-16 14:50:41|(1.0000000E+000,1)|(2.9997000E+002,100)|0001-01-01 00:00:00|0|0|24|6|2.90488579952151936E-001|M|0|-1|0|0|empty|empty
6423927512735800034|134908570|0|16|2|1|1432777090|1432777090|2016-08-16 16:15:25|(251,1)|(159999898,300000)|0001-01-01 00:00:00|0|0|24|6|0.00000000000000000E+000|M|0|-1|0|0|empty|empty
6423927512735800034|134908570|1|14|2|1|1432777090|1432777090|2016-08-16 16:15:25|(251,1)|(159999898,300000)|0001-01-01 00:00:00|0|0|24|6|0.00000000000000000E+000|M|0|-1|0|0|empty|empty
