6423927512735772824|1827858147|0|26|1|51|143996756|2083|2016-08-16 14:27:02|(2450826)|(2452917)|0001-01-01 00:00:00|0|0|1|69|2.77690323525808192E-002|M|0|-1|0|0|empty|empty
6423927512735772824|1827858152|0|25|1|48|143996756|775970|2016-08-16 14:43:13|(5.4000002E-001)|(1.3388410E+004)|0001-01-01 00:00:00|0|0|17|69|9.76301215896097280E-003|M|0|-1|0|0|empty|empty
6423927512735772824|1827858157|0|24|1|50|143996756|595357|2016-08-16 14:27:02|(0.0000000E+000)|(1.9547560E+004)|0001-01-01 00:00:00|0|0|1|69|6.65736267606299904E-003|M|0|-1|0|0|empty|empty
6423927512735772824|1827858162|0|23|1|51|143996756|591892|2016-08-16 14:27:02|(0.0000000E+000)|(2.0390939E+004)|0001-01-01 00:00:00|0|0|1|69|5.72709711572781696E-003|M|0|-1|0|0|empty|empty
6423927512735772824|1827858167|0|22|1|53|143996756|785605|2016-08-16 14:27:02|(0.0000000E+000)|(2.5320179E+004)|0001-01-01 00:00:00|0|0|1|69|4.54894248061235456E-002|M|0|-1|0|0|empty|empty
6423927512735772824|1827858172|0|21|1|57|143996756|329247|2016-08-16 14:27:02|(0.0000000E+000)|(1.3943440E+004)|0001-01-01 00:00:00|0|0|1|69|7.77578868492787200E-001|M|0|-1|0|0|empty|empty
6423927512735772824|1827858177|0|20|1|49|143996756|9952|2016-08-16 14:27:02|(5.0000000E-001)|(1.0000000E+002)|0001-01-01 00:00:00|0|0|1|69|4.19700867676694080E-004|M|0|-1|0|0|empty|empty
6423927512735772824|1827858183|0|19|1|56|143996756|1023041|2016-08-17 02:39:31|(0.0000000E+000)|(2.6525609E+004)|0001-01-01 00:00:00|0|0|15|69|1.26596145910566672E-001|M|0|-1|0|0|empty|empty
6423927512735772824|1827858187|0|18|1|48|143996756|93028|2016-08-16 14:27:02|(0.0000000E+000)|(2.1298601E+003)|0001-01-01 00:00:00|0|0|1|69|1.24149780461826336E-002|M|0|-1|0|0|empty|empty
6423927512735772824|1827858192|0|17|1|55|143996756|592695|2016-08-16 14:44:21|(0.0000000E+000)|(2.6421400E+004)|0001-01-01 00:00:00|0|0|16|69|6.63148489139548800E-001|M|0|-1|0|0|empty|empty
6423927512735772824|1827858197|0|16|1|66|143996756|101|2016-08-16 14:44:21|(1)|(100)|0001-01-01 00:00:00|0|0|16|69|0.00000000000000000E+000|M|0|-1|0|0|empty|empty
6423927512735772824|1827858203|0|15|1|30|143996756|76054789|2016-08-16 16:14:23|(6)|(159999840)|0001-01-01 00:00:00|0|0|16|69|1.10026034976345392E-003|M|0|-1|0|0|empty|empty
6423927512735772824|1827858207|0|14|1|66|143996756|66|2016-08-16 14:27:02|(1)|(65)|0001-01-01 00:00:00|0|0|1|69|0.00000000000000000E+000|M|0|-1|0|0|empty|empty
6423927512735772824|1827858212|0|13|1|21|143996756|21|2016-08-16 14:27:02|(1)|(20)|0001-01-01 00:00:00|0|0|1|69|0.00000000000000000E+000|M|0|-1|0|0|empty|empty
6423927512735772824|1827858217|0|12|1|21|143996756|21|2016-08-16 14:27:02|(1)|(20)|0001-01-01 00:00:00|0|0|1|69|0.00000000000000000E+000|M|0|-1|0|0|empty|empty
6423927512735772824|1827858222|0|11|1|56|143996756|16902|2016-08-16 14:27:02|(1)|(25207)|0001-01-01 00:00:00|0|0|1|69|1.91534917704330880E-001|M|0|-1|0|0|empty|empty
6423927512735772824|1827858227|0|10|1|43|143996756|43|2016-08-16 14:27:02|(1)|(42)|0001-01-01 00:00:00|0|0|1|69|0.00000000000000000E+000|M|0|-1|0|0|empty|empty
6423927512735772824|1827858232|0|9|1|41|143996756|5798213|2016-08-16 14:27:02|(13)|(5999998)|0001-01-01 00:00:00|0|0|1|69|5.77527557206312704E-003|M|0|-1|0|0|empty|empty
6423927512735772824|1827858237|0|8|1|49|143996756|7201|2016-08-16 14:27:02|(1)|(7200)|0001-01-01 00:00:00|0|0|1|69|3.65089092513352512E-004|M|0|-1|0|0|empty|empty
6423927512735772824|1827858242|0|7|1|52|143996756|1913148|2016-08-16 14:27:02|(2)|(1920799)|0001-01-01 00:00:00|0|0|2|69|5.18220069032356096E-003|M|0|-1|0|0|empty|empty
6423927512735772824|1827858246|0|6|1|34|143996756|11149012|2016-08-17 02:39:31|(1)|(11999991)|0001-01-01 00:00:00|0|0|15|69|5.72619422147811264E-003|M|0|-1|0|0|empty|empty
6423927512735772824|1827858252|0|5|1|31|143996756|5642192|2016-08-16 14:27:02|(10)|(5999998)|0001-01-01 00:00:00|0|0|1|69|9.84820111581390848E-003|M|0|-1|0|0|empty|empty
6423927512735772824|1827858257|0|4|1|49|143996756|7201|2016-08-16 14:27:02|(1)|(7200)|0001-01-01 00:00:00|0|0|1|69|3.05891389457973056E-004|M|0|-1|0|0|empty|empty
6423927512735772824|1827858262|0|3|1|49|143996756|1901423|2016-08-16 14:27:02|(7)|(1920797)|0001-01-01 00:00:00|0|0|1|69|5.77204670871869440E-003|M|0|-1|0|0|empty|empty
6423927512735772824|1827858267|0|2|1|41|143996756|10502184|2016-08-16 14:27:02|(16)|(12000000)|0001-01-01 00:00:00|0|0|1|69|3.43052346769996928E-003|M|0|-1|0|0|empty|empty
6423927512735772824|1827858273|0|1|1|54|143996756|303251|2016-08-16 16:14:23|(1)|(300000)|0001-01-01 00:00:00|0|0|16|69|1.93866064939145664E-001|M|0|-1|0|0|empty|empty
6423927512735772824|1827858277|0|0|1|55|143996756|86531|2016-08-16 14:27:02|(1)|(86399)|0001-01-01 00:00:00|0|0|1|69|1.09714221886517232E-002|M|0|-1|0|0|empty|empty
6423927512735772824|1827858280|0|25|2|1|143996756|987950|2016-08-16 14:43:13|(5.4000002E-001,0.0000000E+000)|(1.3388410E+004,2.7266900E+004)|0001-01-01 00:00:00|0|0|17|69|9.67475819313501312E+001|M|0|-1|0|0|empty|empty
6423927512735772824|1827858280|1|17|2|1|143996756|987950|2016-08-16 14:43:13|(5.4000002E-001,0.0000000E+000)|(1.3388410E+004,2.7266900E+004)|0001-01-01 00:00:00|0|0|17|69|9.67475819313501312E+001|M|0|-1|0|0|empty|empty
6423927512735772824|1827858287|0|17|2|1|143996756|555095|2016-08-16 14:44:21|(0.0000000E+000,1)|(2.6421400E+004,100)|0001-01-01 00:00:00|0|0|16|69|5.47856845202315136E+001|M|0|-1|0|0|empty|empty
6423927512735772824|1827858287|1|16|2|1|143996756|555095|2016-08-16 14:44:21|(0.0000000E+000,1)|(2.6421400E+004,100)|0001-01-01 00:00:00|0|0|16|69|5.47856845202315136E+001|M|0|-1|0|0|empty|empty
6423927512735772824|1827858291|0|15|2|1|143996756|143996756|2016-08-16 16:14:23|(6,1)|(159999840,300000)|0001-01-01 00:00:00|0|0|16|69|0.00000000000000000E+000|M|0|-1|0|0|empty|empty
6423927512735772824|1827858291|1|1|2|1|143996756|143996756|2016-08-16 16:14:23|(6,1)|(159999840,300000)|0001-01-01 00:00:00|0|0|16|69|0.00000000000000000E+000|M|0|-1|0|0|empty|empty
6423927512735772824|1827858296|0|19|2|1|143996756|989409|2016-08-17 02:39:31|(0.0000000E+000,1)|(2.6525609E+004,11999991)|0001-01-01 00:00:00|0|0|15|69|9.73451517109928448E+001|M|0|-1|0|0|empty|empty
6423927512735772824|1827858296|1|6|2|1|143996756|989409|2016-08-17 02:39:31|(0.0000000E+000,1)|(2.6525609E+004,11999991)|0001-01-01 00:00:00|0|0|15|69|9.73451517109928448E+001|M|0|-1|0|0|empty|empty
