1896684377507637781|686510886|0|0|0|(2452283)|.000|0|0|0|0|()|empty
1896684377507637781|686510886|1|224058|7|(2452289)|10.205|35789|33884|0|0|(2452288)|empty
1896684377507637781|686510886|2|242906|8|(2452297)|.000|31879|31277|0|0|(2452295)|empty
1896684377507637781|686510886|3|226164|7|(2452304)|.000|34586|33583|0|0|(2452298)|empty
1896684377507637781|686510886|4|222655|7|(2452311)|.000|36089|32480|0|0|(2452305)|empty
1896684377507637781|686510886|5|246414|8|(2452319)|.000|33683|32480|0|0|(2452312)|empty
1896684377507637781|686510886|6|234886|7|(2452326)|.000|35688|34886|0|0|(2452326)|empty
1896684377507637781|686510886|7|222856|7|(2452333)|.000|33683|33182|0|0|(2452332)|empty
1896684377507637781|686510886|8|252630|8|(2452341)|.000|34987|33282|0|0|(2452335)|empty
1896684377507637781|686510886|9|224159|7|(2452348)|.000|33483|33483|0|0|(2452345)|empty
1896684377507637781|686510886|10|242404|8|(2452356)|.000|31879|31378|0|0|(2452355)|empty
1896684377507637781|686510886|11|224059|7|(2452363)|.000|35889|32581|0|0|(2452359)|empty
1896684377507637781|686510886|12|247417|8|(2452371)|.000|32581|32480|0|0|(2452365)|empty
1896684377507637781|686510886|13|224360|7|(2452378)|.000|34285|32079|0|0|(2452376)|empty
1896684377507637781|686510886|14|253432|8|(2452386)|.000|35187|33282|0|0|(2452386)|empty
1896684377507637781|686510886|15|229974|7|(2452393)|.000|34886|33884|0|0|(2452393)|empty
1896684377507637781|686510886|16|247016|8|(2452401)|.000|33282|32581|0|0|(2452394)|empty
1896684377507637781|686510886|17|256740|8|(2452409)|.000|33884|33683|0|0|(2452402)|empty
1896684377507637781|686510886|18|251126|8|(2452417)|.000|32881|32180|0|0|(2452412)|empty
1896684377507637781|686510886|19|251126|8|(2452425)|.000|33182|32581|0|0|(2452423)|empty
1896684377507637781|686510886|20|226164|7|(2452432)|.000|34987|34686|0|0|(2452428)|empty
1896684377507637781|686510886|21|251828|8|(2452440)|11.648|35087|34285|0|0|(2452434)|empty
1896684377507637781|686510886|22|250224|8|(2452448)|7.292|34586|33884|0|0|(2452441)|empty
1896684377507637781|686510886|23|251828|8|(2452456)|.000|33784|32881|0|0|(2452453)|empty
1896684377507637781|686510886|24|228169|7|(2452463)|.000|34084|33583|0|0|(2452462)|empty
1896684377507637781|686510886|25|259046|8|(2452471)|.000|33884|33383|0|0|(2452464)|empty
1896684377507637781|686510886|26|252429|8|(2452479)|.000|34586|32781|0|0|(2452472)|empty
1896684377507637781|686510886|27|258444|8|(2452487)|.000|33984|33182|0|0|(2452482)|empty
1896684377507637781|686510886|28|253231|8|(2452495)|.000|33182|33182|0|0|(2452491)|empty
1896684377507637781|686510886|29|258845|8|(2452503)|.000|36992|34084|0|0|(2452500)|empty
1896684377507637781|686510886|30|252229|8|(2452511)|.968|35488|33583|0|0|(2452508)|empty
1896684377507637781|686510886|31|249522|8|(2452519)|.000|33683|31979|0|0|(2452518)|empty
1896684377507637781|686510886|32|263556|8|(2452527)|.000|35889|33884|0|0|(2452526)|empty
1896684377507637781|686510886|33|250323|8|(2452535)|.000|33182|32380|0|0|(2452530)|empty
1896684377507637781|686510886|34|256839|8|(2452543)|8.689|36992|33082|0|0|(2452542)|empty
1896684377507637781|686510886|35|243406|8|(2452551)|.000|32982|32480|0|0|(2452548)|empty
1896684377507637781|686510886|36|264358|8|(2452559)|.000|36190|34987|0|0|(2452559)|empty
1896684377507637781|686510886|37|252729|8|(2452567)|.000|33583|32881|0|0|(2452562)|empty
1896684377507637781|686510886|38|245210|8|(2452575)|.000|32079|31979|0|0|(2452574)|empty
1896684377507637781|686510886|39|248418|8|(2452583)|.000|33082|31779|0|0|(2452583)|empty
1896684377507637781|686510886|40|272779|9|(2452592)|.000|33383|31779|0|0|(2452587)|empty
1896684377507637781|686510886|41|250824|8|(2452600)|.000|34285|33583|0|0|(2452595)|empty
1896684377507637781|686510886|42|223657|7|(2452607)|.000|33082|32881|0|0|(2452605)|empty
1896684377507637781|686510886|43|218945|7|(2452614)|11.099|35688|33683|0|0|(2452614)|empty
1896684377507637781|686510886|44|221351|7|(2452621)|.000|34485|33082|0|0|(2452620)|empty
1896684377507637781|686510886|45|223456|7|(2452628)|.000|33884|32581|0|0|(2452623)|empty
1896684377507637781|686510886|46|252027|8|(2452636)|.000|33683|32480|0|0|(2452632)|empty
1896684377507637781|686510886|47|250423|8|(2452644)|17.656|34886|33984|0|0|(2452638)|empty
1896684377507637781|686510886|48|128720|4|(2452648)|.000|32681|32380|0|0|(2452645)|empty
1896684377507637781|686510886|49|416638|1|(NULL)|.000|0|0|0|0|()|empty
1896684377507637781|686510890|0|0|0|('')|.000|0|0|0|0|()|empty
1896684377507637781|686510890|1|419403|1|('')|.000|419403|0|0|0|('')|empty
1896684377507637781|686510890|2|189802|189802|('Alice.Dancy@bpOite2mBoHmOKR.or')|.000|1|1|0|0|('Aaron.Allen@k15XNcU.edu')|empty
1896684377507637781|686510890|3|189802|189802|('Andrea.Cunningham@96qjpGl9P9PZ')|.000|1|1|0|0|('Alice.Dang@1HG.com')|empty
1896684377507637781|686510890|4|189802|189802|('Anne.Davis@jv3ALXgLEdBrT.com')|.000|1|1|0|0|('Andrea.Davis@2snJMrr.com')|empty
1896684377507637781|686510890|5|189802|189802|('Ashley.Newell@jj56Bq7gRiTll9Mh')|.000|1|1|0|0|('Anne.Delgadillo@PFIkaf2.edu')|empty
1896684377507637781|686510890|6|189802|189802|('Bernice.Brown@YxQFLc2eFJb4q5u.')|.000|1|1|0|0|('Ashley.Oneil@i.org')|empty
1896684377507637781|686510890|7|189802|189802|('Bonnie.Novak@69RbT.com')|.000|1|1|0|0|('Bernice.Brown@xkiI62yxzSHZ.edu')|empty
1896684377507637781|686510890|8|189802|189802|('Bruce.Duncan@8E.org')|.000|1|1|0|0|('Bonnie.Oakes@MSfEIlma0SbQ.org')|empty
1896684377507637781|686510890|9|189802|189802|('Casey.Young@9A.edu')|.000|1|1|0|0|('Bruce.Eaves@hDolYohoRN0Pfy.edu')|empty
1896684377507637781|686510890|10|189802|189802|('Charles.Stone@2Q6HfTYQbB.com')|.000|1|1|0|0|('Casie.Sharp@XO7Hlt7Uv6mG381Mm.')|empty
1896684377507637781|686510890|11|189802|189802|('Christopher.Mcdonald@53hOluYBz')|.000|1|1|0|0|('Charles.Stonge@Ej.org')|empty
1896684377507637781|686510890|12|189802|189802|('Corey.Welch@di7vuxZsnnXvTq.org')|.000|1|1|0|0|('Christopher.Mcdonald@CPK9i37B9')|empty
1896684377507637781|686510890|13|189802|189802|('Daniel.Sanders@NMPz.edu')|.000|1|1|0|0|('Corey.Wells@9R6zJJkQ3vlQoqc.or')|empty
1896684377507637781|686510890|14|189802|189802|('David.Morrison@lpV6NPLiN9pURYv')|.000|1|1|0|0|('Daniel.Sanders@UEr5oB.edu')|empty
1896684377507637781|686510890|15|189802|189802|('Delores.Smith@nUIa.edu')|.000|1|1|0|0|('David.Morton@73.com')|empty
1896684377507637781|686510890|16|189802|189802|('Donald.Escobedo@9m40x.com')|.000|1|1|0|0|('Delores.Spearman@KrkrOjY.org')|empty
1896684377507637781|686510890|17|189802|189802|('Douglas.Harrison@Oafyr.com')|.000|1|1|0|0|('Donald.Espinoza@ykTVRorNM.org')|empty
1896684377507637781|686510890|18|189802|189802|('Effie.Skipper@U7UbCPtiTS9.com')|.000|1|1|0|0|('Douglas.Hay@Rm.com')|empty
1896684377507637781|686510890|19|189802|189802|('Emily.Levy@HQsYVFFmH1.org')|.000|1|1|0|0|('Effie.Solomon@hpa6RlD6UAT1LxJc')|empty
1896684377507637781|686510890|20|189802|189802|('Eva.Lucas@e2XAmkmf2dE.org')|.000|1|1|0|0|('Emily.Levy@dX4ARm.org')|empty
1896684377507637781|686510890|21|189802|189802|('Fred.Briggs@HgsjNrCTXj0.com')|.000|1|1|0|0|('Eva.Montenegro@1AShmljp2Iq.com')|empty
1896684377507637781|686510890|22|189802|189802|('George.Young@H8ltuPZf6Q.org')|.000|1|1|0|0|('Fred.Briggs@L64kUcvKrF.edu')|empty
1896684377507637781|686510890|23|189802|189802|('Gregory.Espinoza@o8OCvdYEmgcSx')|.000|1|1|0|0|('George.Young@vSqJ.org')|empty
1896684377507637781|686510890|24|189802|189802|('Helen.Martin@jiRa.org')|.000|1|1|0|0|('Gregory.Estrada@y9De3h8qtTkakA')|empty
1896684377507637781|686510890|25|189802|189802|('Irvin.Keen@jJVuLpAGPl.edu')|.000|1|1|0|0|('Helen.Mason@i1FsHxDQKvU.edu')|empty
1896684377507637781|686510890|26|189802|189802|('James.Hicks@5n0cDRlFSy2Zqvjpl.')|.000|1|1|0|0|('Irvin.Lamontagne@EbBVfYsD7skgd')|empty
1896684377507637781|686510890|27|189802|189802|('Janet.Wright@2oL.edu')|.000|1|1|0|0|('James.Hill@BsTLkttc0ATjs05a.ed')|empty
1896684377507637781|686510890|28|189802|189802|('Jeffrey.Schmidt@862CZmTP25yrcg')|.000|1|1|0|0|('Janet.Yount@Eza.edu')|empty
1896684377507637781|686510890|29|189802|189802|('Jessica.Gainey@CxH.com')|.000|1|1|0|0|('Jeffrey.Schmitt@ARPA74524Gp.co')|empty
1896684377507637781|686510890|30|189802|189802|('John.Collins@OmORN.edu')|.000|1|1|0|0|('Jessica.Garcia@LZ.edu')|empty
1896684377507637781|686510890|31|189802|189802|('Johnnie.Lewis@KEZQrFNaj5.edu')|.000|1|1|0|0|('John.Collins@YCDO6SIVa1hra.org')|empty
1896684377507637781|686510890|32|189802|189802|('Joseph.Skipper@trCts9GzqJqKrk.')|.000|1|1|0|0|('Johnnie.Lewis@Nd8MAmSNmv0NPH.c')|empty
1896684377507637781|686510890|33|189802|189802|('Julia.Schwartz@UxmKJzxH3gYrQvN')|.000|1|1|0|0|('Joseph.Slack@Hjjz.com')|empty
1896684377507637781|686510890|34|189802|189802|('Kathleen.Lamb@zjp13L7FIt.com')|.000|1|1|0|0|('Julia.Scott@6kjCX.edu')|empty
1896684377507637781|686510890|35|189802|189802|('Kent.Stegall@GsrevdAoeAD.org')|.000|1|1|0|0|('Kathleen.Lancaster@Qgi.org')|empty
1896684377507637781|686510890|36|189902|189902|('Lanita.Glass@iAfXeDof8.com')|.000|1|1|0|0|('Kent.Walsh@6iij9mDqPUvkH.com')|empty
1896684377507637781|686510890|37|189902|189902|('Leon.Hills@aS5pkfE7SQa.org')|.000|1|1|0|0|('Lanita.Heard@Cq7B3ubamNoM.org')|empty
1896684377507637781|686510890|38|189901|189901|('Lisa.Harvey@9znpLMT6B2.edu')|.000|1|1|0|0|('Leon.Hunter@sm.edu')|empty
1896684377507637781|686510890|39|189901|189901|('Lucille.Nelson@Hu.com')|.000|1|1|0|0|('Lisa.Hawkins@dDOo7uN9Do.com')|empty
1896684377507637781|686510890|40|189901|189901|('Margaret.Montgomery@Gm5Yz.edu')|.000|1|1|0|0|('Lucille.Ness@Qxx.edu')|empty
1896684377507637781|686510890|41|189901|189901|('Mark.Spooner@I9IrZIVHhxUxbFh9v')|.000|1|1|0|0|('Margaret.Montgomery@luRv1.edu')|empty
1896684377507637781|686510890|42|189901|189901|('Maxine.Evans@oKmYYlqcTRkD8LMQU')|.000|1|1|0|0|('Mark.Spooner@ak4G7oXsZZieP.edu')|empty
1896684377507637781|686510890|43|189901|189901|('Michael.King@pMgT71bmLYCfeDdzk')|.000|1|1|0|0|('Maxine.Flanders@z0gSUF1EB.org')|empty
1896684377507637781|686510890|44|189901|189901|('Mildred.Marsh@oH2nnJrC5Zt.org')|.000|1|1|0|0|('Michael.King@qJANh2VCOJjZXZ.or')|empty
1896684377507637781|686510890|45|189901|189901|('Nathan.Savage@NH.edu')|.000|1|1|0|0|('Mildred.Marshall@TLril0t8vglG4')|empty
1896684377507637781|686510890|46|189901|189901|('Oscar.Murray@FaQxYkIczUKhQpx.c')|.000|1|1|0|0|('Nathan.Schmidt@e.org')|empty
1896684377507637781|686510890|47|189901|189901|('Pearl.Miller@Y.org')|.000|1|1|0|0|('Oscar.Perez@0t6.com')|empty
1896684377507637781|686510890|48|189901|189901|('Ramon.Frank@d.edu')|.000|1|1|0|0|('Pearl.Mills@jntu7m.org')|empty
1896684377507637781|686510890|49|189901|189901|('Ricardo.Johnson@uP.org')|.000|1|1|0|0|('Ramon.Gage@CgKq5jld0n.com')|empty
1896684377507637781|686510890|50|189901|189901|('Robert.Carter@1xtLmnV.org')|.000|1|1|0|0|('Ricardo.Key@Cej856k6cuC.edu')|empty
1896684377507637781|686510890|51|189901|189901|('Robert.Zuniga@ticXCNjh26q2E7.o')|.000|1|1|0|0|('Robert.Carter@SshUNn.com')|empty
1896684377507637781|686510890|52|189901|189901|('Rosemarie.West@bAVh.com')|.000|1|1|0|0|('Roberta.Alexander@5S.edu')|empty
1896684377507637781|686510890|53|189901|189901|('Samantha.George@j0hGVEDR.com')|.000|1|1|0|0|('Rosemarie.Whitley@05yd1mA4D6pL')|empty
1896684377507637781|686510890|54|189901|189901|('Seth.Scott@BE2.edu')|.000|1|1|0|0|('Samantha.Haller@zpTd96NDQKYAox')|empty
1896684377507637781|686510890|55|189901|189901|('Stan.Coleman@bdC.edu')|.000|1|1|0|0|('Seth.Tomlin@DVJ9YzYMmkiA.com')|empty
1896684377507637781|686510890|56|189901|189901|('Susan.Deaton@FyDX6BqlCsGxl4n.e')|.000|1|1|0|0|('Stan.Hart@ZLNr5Fl5tKKqSjN.com')|empty
1896684377507637781|686510890|57|189901|189901|('Terrence.Mendez@jdPhSDunhyix3R')|.000|1|1|0|0|('Susan.Deberry@LsiIFy5tBiXlEl.e')|empty
1896684377507637781|686510890|58|189901|189901|('Tiffany.Nix@LL.edu')|.000|1|1|0|0|('Terrence.Mitchell@JL.com')|empty
1896684377507637781|686510890|59|189901|189901|('Tyree.Tobias@xAmV4InQHbJdjI.ed')|.000|1|1|0|0|('Tiffany.Oconnell@QsHpktK.com')|empty
1896684377507637781|686510890|60|189901|189901|('Vivian.Wright@LVfP.edu')|.000|1|1|0|0|('Tyrell.Hill@2KSaAFicM.com')|empty
1896684377507637781|686510890|61|189901|189901|('William.Holloway@RUOx8KImdjLvM')|.000|1|1|0|0|('Viviana.Cooley@A7FsAAKLtsraNF7')|empty
1896684377507637781|686510890|62|189901|189901|('Zulma.Lamb@z8CZT.edu')|.000|1|1|0|0|('William.Holmes@L5uve52fZuV.com')|empty
1896684377507637781|686510897|0|0|0|('')|.000|0|0|0|0|()|empty
1896684377507637781|686510897|1|12000000|1|('')|.000|12000000|0|0|0|('')|empty
1896684377507637781|686510900|0|0|0|('')|.000|0|0|0|0|()|empty
1896684377507637781|686510900|1|418103|1|('')|.000|418103|0|0|0|('')|empty
1896684377507637781|686510900|2|170002|3|('ALBANIA')|9.463|57900|56500|0|0|('AFGHANISTAN')|empty
1896684377507637781|686510900|3|160502|3|('ANDORRA')|24.535|56400|53700|0|0|('AMERICAN SAMOA')|empty
1896684377507637781|686510900|4|167002|3|('ANTARCTICA')|23.098|57300|57300|0|0|('ANGOLA')|empty
1896684377507637781|686510900|5|164302|3|('ARMENIA')|13.224|55800|55600|0|0|('ARGENTINA')|empty
1896684377507637781|686510900|6|169802|3|('AUSTRIA')|12.832|58400|55900|0|0|('AUSTRIA')|empty
1896684377507637781|686510900|7|162302|3|('BAHRAIN')|28.437|56900|55200|0|0|('AZERBAIJAN')|empty
1896684377507637781|686510900|8|165002|3|('BELARUS')|16.083|56600|55600|0|0|('BANGLADESH')|empty
1896684377507637781|686510900|9|163702|3|('BENIN')|33.489|58600|54700|0|0|('BELIZE')|empty
1896684377507637781|686510900|10|164302|3|('BOLIVIA')|27.047|57900|55100|0|0|('BOLIVIA')|empty
1896684377507637781|686510900|11|164102|3|('BRAZIL')|23.366|58000|53200|0|0|('BOTSWANA')|empty
1896684377507637781|686510900|12|163502|3|('BURKINA FASO')|26.981|58300|52900|0|0|('BULGARIA')|empty
1896684377507637781|686510900|13|164602|3|('CAMBODIA')|18.571|57400|54200|0|0|('C?TE D''IVOIRE')|empty
1896684377507637781|686510900|14|160702|3|('CAPE VERDE')|11.145|54800|53800|0|0|('CAPE VERDE')|empty
1896684377507637781|686510900|15|161002|3|('CHINA')|12.283|55400|52900|0|0|('CHINA')|empty
1896684377507637781|686510900|16|171202|3|('COSTA RICA')|25.302|59800|57700|0|0|('CHRISTMAS ISLAND')|empty
1896684377507637781|686510900|17|169402|3|('CYPRUS')|25.223|59800|55900|0|0|('CYPRUS')|empty
1896684377507637781|686510900|18|108501|2|('DENMARK')|4.500|54700|53800|0|0|('DENMARK')|empty
1896684377507637781|686510900|19|60901|1|('DJIBOUTI')|.000|60900|0|0|0|('DJIBOUTI')|empty
1896684377507637781|686510900|20|158902|3|('EGYPT')|12.283|54700|52200|0|0|('DOMINICA')|empty
1896684377507637781|686510900|21|161302|3|('ERITREA')|23.113|55500|55300|0|0|('ERITREA')|empty
1896684377507637781|686510900|22|166602|3|('FAROE ISLANDS')|15.584|57700|54800|0|0|('ETHIOPIA')|empty
1896684377507637781|686510900|23|167302|3|('FRANCE')|14.337|57600|55600|0|0|('FRANCE')|empty
1896684377507637781|686510900|24|161802|3|('GABON')|18.803|55900|54500|0|0|('FRENCH POLYNESIA')|empty
1896684377507637781|686510900|25|162402|3|('GERMANY')|32.714|58000|54400|0|0|('GERMANY')|empty
1896684377507637781|686510900|26|169502|3|('GREECE')|5.887|57300|56300|0|0|('GIBRALTAR')|empty
1896684377507637781|686510900|27|170302|3|('GUADELOUPE')|15.755|58300|57400|0|0|('GUADELOUPE')|empty
1896684377507637781|686510900|28|163202|3|('GUERNSEY')|16.753|56500|54300|0|0|('GUATEMALA')|empty
1896684377507637781|686510900|29|166502|3|('GUYANA')|12.569|56800|55900|0|0|('GUINEA')|empty
1896684377507637781|686510900|30|166802|3|('HONG KONG')|16.391|57500|55800|0|0|('HAITI')|empty
1896684377507637781|686510900|31|161402|3|('INDIA')|6.164|54600|53700|0|0|('INDIA')|empty
1896684377507637781|686510900|32|164102|3|('IRELAND')|29.028|57500|55900|0|0|('INDONESIA')|empty
1896684377507637781|686510900|33|167402|3|('ITALY')|7.788|56400|56300|0|0|('ITALY')|empty
1896684377507637781|686510900|34|162502|3|('JERSEY')|18.408|56500|54000|0|0|('JAPAN')|empty
1896684377507637781|686510900|35|159002|3|('KENYA')|29.676|57000|52100|0|0|('JORDAN')|empty
1896684377507637781|686510900|36|214302|4|('KYRGYZSTAN')|30.914|58900|52200|0|0|('KIRIBATI')|empty
1896684377507637781|686510900|37|213202|4|('LIBERIA')|26.124|57500|53400|0|0|('LESOTHO')|empty
1896684377507637781|686510900|38|217302|4|('MACAO')|10.182|56000|54200|0|0|('LIECHTENSTEIN')|empty
1896684377507637781|686510900|39|212401|4|('MALDIVES')|26.953|55400|55200|0|0|('MADAGASCAR')|empty
1896684377507637781|686510900|40|166501|3|('MARSHALL ISLANDS')|17.454|57200|56200|0|0|('MARSHALL ISLANDS')|empty
1896684377507637781|686510900|41|163501|3|('MAURITIUS')|24.166|57900|53100|0|0|('MARTINIQUE')|empty
1896684377507637781|686510900|42|224001|4|('MONACO')|21.319|59300|56300|0|0|('MAYOTTE')|empty
1896684377507637781|686510900|43|223501|4|('MOROCCO')|23.058|58500|57800|0|0|('MONGOLIA')|empty
1896684377507637781|686510900|44|224601|4|('NAURU')|20.694|59700|55400|0|0|('NAURU')|empty
1896684377507637781|686510900|45|214601|4|('NEW CALEDONIA')|19.215|56900|53000|0|0|('NETHERLANDS')|empty
1896684377507637781|686510900|46|221501|4|('NIGERIA')|22.927|57700|56500|0|0|('NIGER')|empty
1896684377507637781|686510900|47|213801|4|('OMAN')|20.958|56600|54000|0|0|('OMAN')|empty
1896684377507637781|686510900|48|214001|4|('PAPUA NEW GUINEA')|29.538|58400|53100|0|0|('PALAU')|empty
1896684377507637781|686510900|49|221101|4|('PITCAIRN')|7.790|56100|55600|0|0|('PERU')|empty
1896684377507637781|686510900|50|105700|2|('PORTUGAL')|15.500|54400|51300|0|0|('POLAND')|empty
1896684377507637781|686510900|51|60100|1|('PUERTO RICO')|.000|60100|0|0|0|('PUERTO RICO')|empty
1896684377507637781|686510900|52|224601|4|('RUSSIAN FEDERATION')|15.206|57900|57400|0|0|('RUSSIAN FEDERATION')|empty
1896684377507637781|686510900|53|218201|4|('SAMOA')|5.937|55100|55000|0|0|('SAINT LUCIA')|empty
1896684377507637781|686510900|54|224701|4|('SERBIA')|7.048|57100|56500|0|0|('SAUDI ARABIA')|empty
1896684377507637781|686510900|55|219301|4|('SLOVAKIA')|30.318|58000|57500|0|0|('SINGAPORE')|empty
1896684377507637781|686510900|56|213301|4|('SOUTH AFRICA')|11.453|54700|53900|0|0|('SOMALIA')|empty
1896684377507637781|686510900|57|215101|4|('SURINAME')|31.885|57100|56300|0|0|('SRI LANKA')|empty
1896684377507637781|686510900|58|224701|4|('SYRIAN ARAB REPUBLIC')|33.266|59500|59300|0|0|('SYRIAN ARAB REPUBLIC')|empty
1896684377507637781|686510900|59|214501|4|('TOGO')|6.179|54400|54000|0|0|('TAJIKISTAN')|empty
1896684377507637781|686510900|60|60400|1|('TOKELAU')|.000|60400|0|0|0|('TOKELAU')|empty
1896684377507637781|686510900|61|219001|4|('TURKEY')|17.853|56800|56200|0|0|('TURKEY')|empty
1896684377507637781|686510900|62|222201|4|('UKRAINE')|15.898|57900|56100|0|0|('TURKMENISTAN')|empty
1896684377507637781|686510900|63|220101|4|('URUGUAY')|26.109|58700|55900|0|0|('UNITED ARAB EMIRATES')|empty
1896684377507637781|686510900|64|225601|4|('VIET NAM')|16.355|58100|57700|0|0|('UZBEKISTAN')|empty
1896684377507637781|686510900|65|330202|6|('ZIMBABWE')|21.530|59200|55900|0|0|('ZIMBABWE')|empty
1896684377507637781|686510906|0|0|0|(1924)|.000|0|0|0|0|()|empty
1896684377507637781|686510906|1|169823|1|(1924)|.000|169823|0|0|0|(1924)|empty
1896684377507637781|686510906|2|170826|1|(1925)|.000|170825|0|0|0|(1925)|empty
1896684377507637781|686510906|3|169824|1|(1926)|.000|169823|0|0|0|(1926)|empty
1896684377507637781|686510906|4|158696|1|(1927)|.000|158695|0|0|0|(1927)|empty
1896684377507637781|686510906|5|163809|1|(1928)|.000|163808|0|0|0|(1928)|empty
1896684377507637781|686510906|6|159398|1|(1929)|.000|159397|0|0|0|(1929)|empty
1896684377507637781|686510906|7|169122|1|(1930)|.000|169121|0|0|0|(1930)|empty
1896684377507637781|686510906|8|170325|1|(1931)|.000|170324|0|0|0|(1931)|empty
1896684377507637781|686510906|9|168320|1|(1932)|.000|168319|0|0|0|(1932)|empty
1896684377507637781|686510906|10|156891|1|(1933)|.000|156890|0|0|0|(1933)|empty
1896684377507637781|686510906|11|167217|1|(1934)|.000|167216|0|0|0|(1934)|empty
1896684377507637781|686510906|12|167117|1|(1935)|.000|167116|0|0|0|(1935)|empty
1896684377507637781|686510906|13|171027|1|(1936)|.000|171026|0|0|0|(1936)|empty
1896684377507637781|686510906|14|160601|1|(1937)|.000|160600|0|0|0|(1937)|empty
1896684377507637781|686510906|15|172330|1|(1938)|.000|172329|0|0|0|(1938)|empty
1896684377507637781|686510906|16|167718|1|(1939)|.000|167717|0|0|0|(1939)|empty
1896684377507637781|686510906|17|167317|1|(1940)|.000|167316|0|0|0|(1940)|empty
1896684377507637781|686510906|18|166616|1|(1941)|.000|166615|0|0|0|(1941)|empty
1896684377507637781|686510906|19|169322|1|(1942)|.000|169321|0|0|0|(1942)|empty
1896684377507637781|686510906|20|176240|1|(1943)|.000|176239|0|0|0|(1943)|empty
1896684377507637781|686510906|21|168320|1|(1944)|.000|168319|0|0|0|(1944)|empty
1896684377507637781|686510906|22|165413|1|(1945)|.000|165412|0|0|0|(1945)|empty
1896684377507637781|686510906|23|168420|1|(1946)|.000|168419|0|0|0|(1946)|empty
1896684377507637781|686510906|24|166114|1|(1947)|.000|166113|0|0|0|(1947)|empty
1896684377507637781|686510906|25|166716|1|(1948)|.000|166715|0|0|0|(1948)|empty
1896684377507637781|686510906|26|165012|1|(1949)|.000|165011|0|0|0|(1949)|empty
1896684377507637781|686510906|27|161302|1|(1950)|.000|161301|0|0|0|(1950)|empty
1896684377507637781|686510906|28|166616|1|(1951)|.000|166615|0|0|0|(1951)|empty
1896684377507637781|686510906|29|169623|1|(1952)|.000|169622|0|0|0|(1952)|empty
1896684377507637781|686510906|30|169222|1|(1953)|.000|169221|0|0|0|(1953)|empty
1896684377507637781|686510906|31|167117|1|(1954)|.000|167116|0|0|0|(1954)|empty
1896684377507637781|686510906|32|182756|1|(1955)|.000|182755|0|0|0|(1955)|empty
1896684377507637781|686510906|33|168921|1|(1956)|.000|168920|0|0|0|(1956)|empty
1896684377507637781|686510906|34|168520|1|(1957)|.000|168519|0|0|0|(1957)|empty
1896684377507637781|686510906|35|170124|1|(1958)|.000|170123|0|0|0|(1958)|empty
1896684377507637781|686510906|36|173834|1|(1959)|.000|173833|0|0|0|(1959)|empty
1896684377507637781|686510906|37|169121|1|(1960)|.000|169121|0|0|0|(1960)|empty
1896684377507637781|686510906|38|169722|1|(1961)|.000|169722|0|0|0|(1961)|empty
1896684377507637781|686510906|39|165111|1|(1962)|.000|165111|0|0|0|(1962)|empty
1896684377507637781|686510906|40|169021|1|(1963)|.000|169021|0|0|0|(1963)|empty
1896684377507637781|686510906|41|168820|1|(1964)|.000|168820|0|0|0|(1964)|empty
1896684377507637781|686510906|42|162504|1|(1965)|.000|162504|0|0|0|(1965)|empty
1896684377507637781|686510906|43|173231|1|(1966)|.000|173231|0|0|0|(1966)|empty
1896684377507637781|686510906|44|170825|1|(1967)|.000|170825|0|0|0|(1967)|empty
1896684377507637781|686510906|45|164509|1|(1968)|.000|164509|0|0|0|(1968)|empty
1896684377507637781|686510906|46|167016|1|(1969)|.000|167016|0|0|0|(1969)|empty
1896684377507637781|686510906|47|168820|1|(1970)|.000|168820|0|0|0|(1970)|empty
1896684377507637781|686510906|48|159697|1|(1971)|.000|159697|0|0|0|(1971)|empty
1896684377507637781|686510906|49|169622|1|(1972)|.000|169622|0|0|0|(1972)|empty
1896684377507637781|686510906|50|172429|1|(1973)|.000|172429|0|0|0|(1973)|empty
1896684377507637781|686510906|51|169021|1|(1974)|.000|169021|0|0|0|(1974)|empty
1896684377507637781|686510906|52|171126|1|(1975)|.000|171126|0|0|0|(1975)|empty
1896684377507637781|686510906|53|170625|1|(1976)|.000|170625|0|0|0|(1976)|empty
1896684377507637781|686510906|54|167417|1|(1977)|.000|167417|0|0|0|(1977)|empty
1896684377507637781|686510906|55|163006|1|(1978)|.000|163006|0|0|0|(1978)|empty
1896684377507637781|686510906|56|166314|1|(1979)|.000|166314|0|0|0|(1979)|empty
1896684377507637781|686510906|57|161602|1|(1980)|.000|161602|0|0|0|(1980)|empty
1896684377507637781|686510906|58|165813|1|(1981)|.000|165813|0|0|0|(1981)|empty
1896684377507637781|686510906|59|167116|1|(1982)|.000|167116|0|0|0|(1982)|empty
1896684377507637781|686510906|60|167918|1|(1983)|.000|167918|0|0|0|(1983)|empty
1896684377507637781|686510906|61|167617|1|(1984)|.000|167617|0|0|0|(1984)|empty
1896684377507637781|686510906|62|177542|1|(1985)|.000|177542|0|0|0|(1985)|empty
1896684377507637781|686510906|63|172329|1|(1986)|.000|172329|0|0|0|(1986)|empty
1896684377507637781|686510906|64|170524|1|(1987)|.000|170524|0|0|0|(1987)|empty
1896684377507637781|686510906|65|170825|1|(1988)|.000|170825|0|0|0|(1988)|empty
1896684377507637781|686510906|66|164108|1|(1989)|.000|164108|0|0|0|(1989)|empty
1896684377507637781|686510906|67|172329|1|(1990)|.000|172329|0|0|0|(1990)|empty
1896684377507637781|686510906|68|157993|1|(1991)|.000|157993|0|0|0|(1991)|empty
1896684377507637781|686510906|69|162504|1|(1992)|.000|162504|0|0|0|(1992)|empty
1896684377507637781|686510906|70|423254|1|(NULL)|.000|0|0|0|0|()|empty
1896684377507637781|686510911|0|0|0|(1)|.000|0|0|0|0|()|empty
1896684377507637781|686510911|1|973425|1|(1)|.000|973425|0|0|0|(1)|empty
1896684377507637781|686510911|2|910569|1|(2)|.000|910568|0|0|0|(2)|empty
1896684377507637781|686510911|3|995982|1|(3)|.000|995981|0|0|0|(3)|empty
1896684377507637781|686510911|4|961195|1|(4)|.000|961194|0|0|0|(4)|empty
1896684377507637781|686510911|5|995080|1|(5)|.000|995079|0|0|0|(5)|empty
1896684377507637781|686510911|6|942950|1|(6)|.000|942949|0|0|0|(6)|empty
1896684377507637781|686510911|7|967812|1|(7)|.000|967811|0|0|0|(7)|empty
1896684377507637781|686510911|8|975331|1|(8)|.000|975330|0|0|0|(8)|empty
1896684377507637781|686510911|9|953074|1|(9)|.000|953074|0|0|0|(9)|empty
1896684377507637781|686510911|10|988964|1|(10)|.000|988964|0|0|0|(10)|empty
1896684377507637781|686510911|11|950568|1|(11)|.000|950568|0|0|0|(11)|empty
1896684377507637781|686510911|12|968713|1|(12)|.000|968713|0|0|0|(12)|empty
1896684377507637781|686510911|13|416337|1|(NULL)|.000|0|0|0|0|()|empty
1896684377507637781|686510916|0|0|0|(1)|.000|0|0|0|0|()|empty
1896684377507637781|686510916|1|384357|1|(1)|.000|384357|0|0|0|(1)|empty
1896684377507637781|686510916|2|386564|1|(2)|.000|386563|0|0|0|(2)|empty
1896684377507637781|686510916|3|383255|1|(3)|.000|383254|0|0|0|(3)|empty
1896684377507637781|686510916|4|381852|1|(4)|.000|381851|0|0|0|(4)|empty
1896684377507637781|686510916|5|370824|1|(5)|.000|370823|0|0|0|(5)|empty
1896684377507637781|686510916|6|381451|1|(6)|.000|381450|0|0|0|(6)|empty
1896684377507637781|686510916|7|383255|1|(7)|.000|383254|0|0|0|(7)|empty
1896684377507637781|686510916|8|383055|1|(8)|.000|383054|0|0|0|(8)|empty
1896684377507637781|686510916|9|380047|1|(9)|.000|380046|0|0|0|(9)|empty
1896684377507637781|686510916|10|384158|1|(10)|.000|384157|0|0|0|(10)|empty
1896684377507637781|686510916|11|378744|1|(11)|.000|378743|0|0|0|(11)|empty
1896684377507637781|686510916|12|385962|1|(12)|.000|385961|0|0|0|(12)|empty
1896684377507637781|686510916|13|371927|1|(13)|.000|371926|0|0|0|(13)|empty
1896684377507637781|686510916|14|381250|1|(14)|.000|381249|0|0|0|(14)|empty
1896684377507637781|686510916|15|393782|1|(15)|.000|393781|0|0|0|(15)|empty
1896684377507637781|686510916|16|382353|1|(16)|.000|382352|0|0|0|(16)|empty
1896684377507637781|686510916|17|377341|1|(17)|.000|377340|0|0|0|(17)|empty
1896684377507637781|686510916|18|372529|1|(18)|.000|372528|0|0|0|(18)|empty
1896684377507637781|686510916|19|384457|1|(19)|.000|384457|0|0|0|(19)|empty
1896684377507637781|686510916|20|375134|1|(20)|.000|375134|0|0|0|(20)|empty
1896684377507637781|686510916|21|382152|1|(21)|.000|382152|0|0|0|(21)|empty
1896684377507637781|686510916|22|373530|1|(22)|.000|373530|0|0|0|(22)|empty
1896684377507637781|686510916|23|386162|1|(23)|.000|386162|0|0|0|(23)|empty
1896684377507637781|686510916|24|369620|1|(24)|.000|369620|0|0|0|(24)|empty
1896684377507637781|686510916|25|395485|1|(25)|.000|395485|0|0|0|(25)|empty
1896684377507637781|686510916|26|380748|1|(26)|.000|380748|0|0|0|(26)|empty
1896684377507637781|686510916|27|374132|1|(27)|.000|374132|0|0|0|(27)|empty
1896684377507637781|686510916|28|380648|1|(28)|.000|380648|0|0|0|(28)|empty
1896684377507637781|686510916|29|352177|1|(29)|.000|352177|0|0|0|(29)|empty
1896684377507637781|686510916|30|344458|1|(30)|.000|344458|0|0|0|(30)|empty
1896684377507637781|686510916|31|225562|1|(31)|.000|225562|0|0|0|(31)|empty
1896684377507637781|686510916|32|413029|1|(NULL)|.000|0|0|0|0|()|empty
1896684377507637781|686510920|0|0|0|('')|.000|0|0|0|0|()|empty
1896684377507637781|686510920|1|420503|1|('')|.000|420503|0|0|0|('')|empty
1896684377507637781|686510920|2|5902250|1|('N')|.000|5902249|0|0|0|('N')|empty
1896684377507637781|686510920|3|5677247|1|('Y')|.000|5677247|0|0|0|('Y')|empty
1896684377507637781|686510927|0|0|0|('')|.000|0|0|0|0|()|empty
1896684377507637781|686510927|1|414403|1|('')|.000|414403|0|0|0|('')|empty
1896684377507637781|686510927|2|181302|91|('Alvarado')|54.626|35600|32700|0|0|('Allen')|empty
1896684377507637781|686510927|3|183402|84|('Ault')|62.912|56400|10500|0|0|('Anderson')|empty
1896684377507637781|686510927|4|189602|81|('Barnhart')|49.944|32500|19400|0|0|('Baker')|empty
1896684377507637781|686510927|5|188202|118|('Benoit')|27.853|20100|19700|0|0|('Bell')|empty
1896684377507637781|686510927|6|188902|121|('Boone')|18.502|10800|10600|0|0|('Berry')|empty
1896684377507637781|686510927|7|182502|113|('Brookins')|19.145|10300|9500|0|0|('Boyd')|empty
1896684377507637781|686510927|8|26201|8|('Brower')|62.629|19800|1800|0|0|('Brooks')|empty
1896684377507637781|686510927|9|110001|1|('Brown')|.000|110000|0|0|0|('Brown')|empty
1896684377507637781|686510927|10|190602|99|('Cagle')|27.292|15800|13900|0|0|('Butler')|empty
1896684377507637781|686510927|11|171202|78|('Carswell')|38.027|29500|9200|0|0|('Campbell')|empty
1896684377507637781|686510927|12|189402|107|('Christ')|33.272|30300|9700|0|0|('Carter')|empty
1896684377507637781|686510927|13|189802|79|('Colley')|55.749|45000|18400|0|0|('Clark')|empty
1896684377507637781|686510927|14|189702|89|('Counts')|38.269|25900|19300|0|0|('Collins')|empty
1896684377507637781|686510927|15|191702|108|('Dancy')|27.429|18800|13400|0|0|('Cox')|empty
1896684377507637781|686510927|16|46101|19|('Davila')|27.541|11400|6800|0|0|('Daniels')|empty
1896684377507637781|686510927|17|85301|1|('Davis')|.000|85300|0|0|0|('Davis')|empty
1896684377507637781|686510927|18|192902|122|('Doss')|21.599|15900|13100|0|0|('Diaz')|empty
1896684377507637781|686510927|19|192202|110|('Elam')|27.420|24200|11000|0|0|('Edwards')|empty
1896684377507637781|686510927|20|188702|112|('Fenwick')|25.504|22100|12400|0|0|('Evans')|empty
1896684377507637781|686510927|21|192102|89|('Fortin')|32.147|16000|15600|0|0|('Ford')|empty
1896684377507637781|686510927|22|192702|109|('Gannon')|26.764|16300|12800|0|0|('Foster')|empty
1896684377507637781|686510927|23|193002|74|('Giroux')|57.847|46400|14600|0|0|('Garcia')|empty
1896684377507637781|686510927|24|192402|67|('Grantham')|50.674|32700|15600|0|0|('Gonzalez')|empty
1896684377507637781|686510927|25|191302|73|('Guyton')|51.606|33400|22100|0|0|('Green')|empty
1896684377507637781|686510927|26|192002|96|('Harman')|47.805|40100|17700|0|0|('Hall')|empty
1896684377507637781|686510927|27|192702|58|('Hearn')|70.679|50800|15600|0|0|('Harris')|empty
1896684377507637781|686510927|28|173502|73|('Hildreth')|50.704|37800|18000|0|0|('Hernandez')|empty
1896684377507637781|686510927|29|194102|81|('Hornsby')|39.823|32800|11300|0|0|('Hill')|empty
1896684377507637781|686510927|30|193202|86|('Ingram')|36.732|21900|18800|0|0|('Howard')|empty
1896684377507637781|686510927|31|188302|88|('Johns')|66.285|53100|17700|0|0|('Jackson')|empty
1896684377507637781|686510927|32|156102|1|('Johnson')|.000|156101|0|0|0|('Johnson')|empty
1896684377507637781|686510927|33|14001|4|('Jolly')|35.972|9700|1900|0|0|('Johnston')|empty
1896684377507637781|686510927|34|114601|1|('Jones')|.000|114600|0|0|0|('Jones')|empty
1896684377507637781|686510927|35|184902|95|('Kinder')|28.887|19200|13200|0|0|('Kelly')|empty
1896684377507637781|686510927|36|191702|109|('Lapointe')|35.932|35400|10300|0|0|('King')|empty
1896684377507637781|686510927|37|167102|99|('Lewandowski')|42.740|39500|10000|0|0|('Lee')|empty
1896684377507637781|686510927|38|191902|80|('Lovejoy')|58.013|40400|30600|0|0|('Lewis')|empty
1896684377507637781|686510927|39|190201|135|('Marquardt')|15.401|8600|7600|0|0|('Lynch')|empty
1896684377507637781|686510927|40|192401|52|('Maxwell')|89.608|49200|42600|0|0|('Martin')|empty
1896684377507637781|686510927|41|192401|114|('Mckinley')|19.906|15100|9100|0|0|('Mcdonald')|empty
1896684377507637781|686510927|42|171601|108|('Millard')|16.539|9500|8400|0|0|('Meyer')|empty
1896684377507637781|686510927|43|73300|1|('Miller')|.000|73300|0|0|0|('Miller')|empty
1896684377507637781|686510927|44|181201|69|('Mora')|84.630|58100|28200|0|0|('Moore')|empty
1896684377507637781|686510927|45|188701|63|('Murphy')|52.094|26000|22300|0|0|('Morris')|empty
1896684377507637781|686510927|46|190701|92|('Noriega')|38.501|30100|15100|0|0|('Nelson')|empty
1896684377507637781|686510927|47|190601|106|('Pace')|24.729|14300|13300|0|0|('Ortiz')|empty
1896684377507637781|686510927|48|190201|84|('Pemberton')|38.391|26900|17600|0|0|('Parker')|empty
1896684377507637781|686510927|49|190801|80|('Pitman')|50.383|29000|23700|0|0|('Perez')|empty
1896684377507637781|686510927|50|186701|93|('Quinlan')|30.390|18700|18500|0|0|('Powell')|empty
1896684377507637781|686510927|51|180801|92|('Rey')|35.163|23900|18100|0|0|('Reed')|empty
1896684377507637781|686510927|52|190001|61|('Robert')|45.822|21500|19800|0|0|('Rivera')|empty
1896684377507637781|686510927|53|191801|36|('Romano')|103.491|41000|40600|0|0|('Robinson')|empty
1896684377507637781|686510927|54|191301|99|('Samuel')|28.635|17900|15300|0|0|('Ross')|empty
1896684377507637781|686510927|55|161901|78|('Scoggins')|34.508|22900|17000|0|0|('Sanchez')|empty
1896684377507637781|686510927|56|190101|117|('Sills')|34.205|32800|13600|0|0|('Scott')|empty
1896684377507637781|686510927|57|111800|50|('Smiley')|34.923|18200|12200|0|0|('Simmons')|empty
1896684377507637781|686510927|58|186701|1|('Smith')|.000|186701|0|0|0|('Smith')|empty
1896684377507637781|686510927|59|180701|130|('Stern')|18.651|10400|10000|0|0|('Snyder')|empty
1896684377507637781|686510927|60|185301|96|('Tackett')|32.398|23900|14900|0|0|('Stewart')|empty
1896684377507637781|686510927|61|168901|49|('Thomason')|109.485|58300|53800|0|0|('Thomas')|empty
1896684377507637781|686510927|62|184501|114|('Tuck')|53.909|50200|21000|0|0|('Thompson')|empty
1896684377507637781|686510927|63|186901|97|('Vo')|32.605|27400|11800|0|0|('Turner')|empty
1896684377507637781|686510927|64|185401|47|('Waterman')|69.900|39400|19500|0|0|('Walker')|empty
1896684377507637781|686510927|65|172901|61|('Whitcomb')|40.482|20000|13100|0|0|('Watson')|empty
1896684377507637781|686510927|66|121001|52|('William')|66.455|49100|5100|0|0|('White')|empty
1896684377507637781|686510927|67|128501|1|('Williams')|.000|128501|0|0|0|('Williams')|empty
1896684377507637781|686510927|68|26300|9|('Wilmoth')|41.496|11100|10100|0|0|('Willis')|empty
1896684377507637781|686510927|69|61600|1|('Wilson')|.000|61600|0|0|0|('Wilson')|empty
1896684377507637781|686510927|70|247002|113|('Zuniga')|46.659|33500|33200|0|0|('Wright')|empty
1896684377507637781|686510930|0|0|0|('')|.000|0|0|0|0|()|empty
1896684377507637781|686510930|1|421603|1|('')|.000|421603|0|0|0|('')|empty
1896684377507637781|686510930|2|185802|171|('Alica')|35.536|18100|17000|0|0|('Albert')|empty
1896684377507637781|686510930|3|189002|162|('Andra')|60.280|29900|29700|0|0|('Amy')|empty
1896684377507637781|686510930|4|185302|78|('Annamarie')|88.819|33100|30000|0|0|('Andrew')|empty
1896684377507637781|686510930|5|186102|216|('Ashleigh')|65.831|46200|23200|0|0|('Anthony')|empty
1896684377507637781|686510930|6|51801|146|('Barb')|36.194|24000|7400|0|0|('Ashley')|empty
1896684377507637781|686510930|7|71401|1|('Barbara')|.000|71400|0|0|0|('Barbara')|empty
1896684377507637781|686510930|8|177702|133|('Beverley')|58.922|43900|17300|0|0|('Betty')|empty
1896684377507637781|686510930|9|189002|91|('Bret')|61.640|30900|19500|0|0|('Brenda')|empty
1896684377507637781|686510930|10|188602|255|('Carlo')|62.282|49900|25800|0|0|('Brian')|empty
1896684377507637781|686510930|11|188402|242|('Charlene')|44.655|27500|26300|0|0|('Carolyn')|empty
1896684377507637781|686510930|12|107601|1|('Charles')|.000|107600|0|0|0|('Charles')|empty
1896684377507637781|686510930|13|131102|106|('Christoper')|50.679|26100|19800|0|0|('Christine')|empty
1896684377507637781|686510930|14|71101|1|('Christopher')|.000|71100|0|0|0|('Christopher')|empty
1896684377507637781|686510930|15|189302|191|('Cristi')|29.040|16100|13000|0|0|('Craig')|empty
1896684377507637781|686510930|16|106301|102|('Danica')|55.250|30300|16400|0|0|('Cynthia')|empty
1896684377507637781|686510930|17|66001|1|('Daniel')|.000|66000|0|0|0|('Daniel')|empty
1896684377507637781|686510930|18|75401|58|('Dave')|29.242|12800|10000|0|0|('Danny')|empty
1896684377507637781|686510930|19|163502|1|('David')|.000|163501|0|0|0|('David')|empty
1896684377507637781|686510930|20|158502|184|('Denna')|56.374|33400|26500|0|0|('Deborah')|empty
1896684377507637781|686510930|21|145402|137|('Dona')|52.203|30300|24500|0|0|('Dennis')|empty
1896684377507637781|686510930|22|65001|1|('Donald')|.000|65000|0|0|0|('Donald')|empty
1896684377507637781|686510930|23|185702|136|('Dwana')|95.296|50200|40600|0|0|('Dorothy')|empty
1896684377507637781|686510930|24|182602|115|('Eldridge')|79.000|55500|15100|0|0|('Edward')|empty
1896684377507637781|686510930|25|26401|56|('Elizabet')|16.424|8900|2200|0|0|('Eleanor')|empty
1896684377507637781|686510930|26|62001|1|('Elizabeth')|.000|62000|0|0|0|('Elizabeth')|empty
1896684377507637781|686510930|27|190302|210|('Esmeralda')|50.619|42400|16200|0|0|('Eric')|empty
1896684377507637781|686510930|28|185202|210|('Francine')|32.035|19800|15300|0|0|('Evelyn')|empty
1896684377507637781|686510930|29|190102|180|('Georgann')|73.823|42700|41400|0|0|('Gary')|empty
1896684377507637781|686510930|30|66901|1|('George')|.000|66900|0|0|0|('George')|empty
1896684377507637781|686510930|31|180502|115|('Gregorio')|46.305|23700|22400|0|0|('Gloria')|empty
1896684377507637781|686510930|32|179802|120|('Heike')|61.013|30700|27600|0|0|('Gregory')|empty
1896684377507637781|686510930|33|188902|275|('Ines')|59.039|49900|24800|0|0|('Helen')|empty
1896684377507637781|686510930|34|130502|171|('Jamel')|34.093|20700|16300|0|0|('Jack')|empty
1896684377507637781|686510930|35|229102|1|('James')|.000|229101|0|0|0|('James')|empty
1896684377507637781|686510930|36|191002|161|('Jeannette')|74.600|48800|29700|0|0|('Jason')|empty
1896684377507637781|686510930|37|83201|71|('Jennie')|87.098|44900|11400|0|0|('Jeffrey')|empty
1896684377507637781|686510930|38|70301|1|('Jennifer')|.000|70300|0|0|0|('Jennifer')|empty
1896684377507637781|686510930|39|184002|89|('Joanie')|73.245|34400|29900|0|0|('Jessica')|empty
1896684377507637781|686510930|40|73001|28|('Johanna')|53.514|22200|10500|0|0|('Joe')|empty
1896684377507637781|686510930|41|232502|1|('John')|.000|232501|0|0|0|('John')|empty
1896684377507637781|686510930|42|117701|76|('Joselyn')|84.075|45300|22300|0|0|('Jose')|empty
1896684377507637781|686510930|43|93401|1|('Joseph')|.000|93400|0|0|0|('Joseph')|empty
1896684377507637781|686510930|44|179202|39|('Julianne')|88.157|29600|25500|0|0|('Joshua')|empty
1896684377507637781|686510930|45|170302|267|('Kathie')|67.684|49700|23700|0|0|('Karen')|empty
1896684377507637781|686510930|46|195702|132|('Kent')|85.285|54200|28400|0|0|('Kenneth')|empty
1896684377507637781|686510930|47|195801|441|('Larraine')|52.831|47400|33300|0|0|('Kevin')|empty
1896684377507637781|686510930|48|182501|379|('Leona')|55.396|39400|33600|0|0|('Larry')|empty
1896684377507637781|686510930|49|87900|128|('Lincoln')|29.842|15400|14100|0|0|('Lillian')|empty
1896684377507637781|686510930|50|74600|1|('Linda')|.000|74600|0|0|0|('Linda')|empty
1896684377507637781|686510930|51|194301|261|('Lucilla')|58.494|49100|17300|0|0|('Lisa')|empty
1896684377507637781|686510930|52|165301|248|('Mardell')|22.910|13100|13000|0|0|('Manuel')|empty
1896684377507637781|686510930|53|166801|184|('Marjory')|77.158|55000|26200|0|0|('Margaret')|empty
1896684377507637781|686510930|54|64600|1|('Mark')|.000|64600|0|0|0|('Mark')|empty
1896684377507637781|686510930|55|198101|270|('Meggan')|56.799|44500|27700|0|0|('Matthew')|empty
1896684377507637781|686510930|56|84200|146|('Micah')|47.555|30400|11200|0|0|('Melissa')|empty
1896684377507637781|686510930|57|186401|1|('Michael')|.000|186401|0|0|0|('Michael')|empty
1896684377507637781|686510930|58|192801|242|('Myrle')|48.393|37700|23400|0|0|('Michelle')|empty
1896684377507637781|686510930|59|194301|261|('Noah')|61.532|52200|20500|0|0|('Nancy')|empty
1896684377507637781|686510930|60|184601|237|('Patty')|42.398|28900|28400|0|0|('Pamela')|empty
1896684377507637781|686510930|61|63500|1|('Paul')|.000|63500|0|0|0|('Paul')|empty
1896684377507637781|686510930|62|186001|141|('Raleigh')|46.021|25100|15400|0|0|('Peter')|empty
1896684377507637781|686510930|63|191101|148|('Rex')|61.899|33500|31000|0|0|('Raymond')|empty
1896684377507637781|686510930|64|24000|27|('Rich')|34.091|12000|6900|0|0|('Rhonda')|empty
1896684377507637781|686510930|65|116400|1|('Richard')|.000|116400|0|0|0|('Richard')|empty
1896684377507637781|686510930|66|37400|28|('Robbyn')|38.290|14300|10100|0|0|('Rita')|empty
1896684377507637781|686510930|67|219201|1|('Robert')|.000|219201|0|0|0|('Robert')|empty
1896684377507637781|686510930|68|208701|127|('Rosita')|69.976|52300|22700|0|0|('Ronald')|empty
1896684377507637781|686510930|69|206101|124|('Sandi')|66.271|37600|24400|0|0|('Ruth')|empty
1896684377507637781|686510930|70|193901|404|('Sharolyn')|75.568|46800|37900|0|0|('Sandra')|empty
1896684377507637781|686510930|71|184701|432|('Stephania')|35.279|34000|14400|0|0|('Sharon')|empty
1896684377507637781|686510930|72|214401|61|('Suzanna')|143.122|56100|51600|0|0|('Susan')|empty
1896684377507637781|686510930|73|212201|275|('Thi')|39.672|22300|19900|0|0|('Teresa')|empty
1896684377507637781|686510930|74|93900|1|('Thomas')|.000|93900|0|0|0|('Thomas')|empty
1896684377507637781|686510930|75|187801|185|('Tristan')|55.532|41700|15700|0|0|('Timothy')|empty
1896684377507637781|686510930|76|167101|205|('Virgina')|28.317|14600|12700|0|0|('Victor')|empty
1896684377507637781|686510930|77|157801|125|('Willia')|55.896|28900|24100|0|0|('Virginia')|empty
1896684377507637781|686510930|78|170401|1|('William')|.000|170401|0|0|0|('William')|empty
1896684377507637781|686510930|79|90900|274|('Zulma')|29.871|23300|9000|0|0|('Willie')|empty
1896684377507637781|686510936|0|0|0|('')|.000|0|0|0|0|()|empty
1896684377507637781|686510936|1|412828|1|('')|.000|412828|0|0|0|('')|empty
1896684377507637781|686510936|2|3367591|1|('Dr.')|.000|3367590|0|0|0|('Dr.')|empty
1896684377507637781|686510936|3|1411117|1|('Miss')|.000|1411116|0|0|0|('Miss')|empty
1896684377507637781|686510936|4|1986250|1|('Mr.')|.000|1986249|0|0|0|('Mr.')|empty
1896684377507637781|686510936|5|1413822|1|('Mrs.')|.000|1413822|0|0|0|('Mrs.')|empty
1896684377507637781|686510936|6|1403898|1|('Ms.')|.000|1403898|0|0|0|('Ms.')|empty
1896684377507637781|686510936|7|2004494|1|('Sir')|.000|2004494|0|0|0|('Sir')|empty
1896684377507637781|686510941|0|0|0|(2448998)|.000|0|0|0|0|()|empty
1896684377507637781|686510941|1|247115|76|(2449073)|4.985|4611|4511|0|0|(2449045)|empty
1896684377507637781|686510941|2|250023|79|(2449152)|4.857|4511|4310|0|0|(2449094)|empty
1896684377507637781|686510941|3|249221|77|(2449229)|4.631|4511|4310|0|0|(2449202)|empty
1896684377507637781|686510941|4|247517|79|(2449308)|5.543|5012|4511|0|0|(2449254)|empty
1896684377507637781|686510941|5|247417|75|(2449383)|4.751|4711|4611|0|0|(2449324)|empty
1896684377507637781|686510941|6|250023|78|(2449461)|5.259|4310|4310|0|0|(2449397)|empty
1896684377507637781|686510941|7|248720|82|(2449543)|5.067|4410|4009|0|0|(2449513)|empty
1896684377507637781|686510941|8|248119|78|(2449621)|4.431|4511|4410|0|0|(2449613)|empty
1896684377507637781|686510941|9|248921|77|(2449698)|5.277|5012|4410|0|0|(2449643)|empty
1896684377507637781|686510941|10|249221|79|(2449777)|5.189|5012|4310|0|0|(2449736)|empty
1896684377507637781|686510941|11|250124|79|(2449856)|5.910|4912|4410|0|0|(2449787)|empty
1896684377507637781|686510941|12|248720|78|(2449934)|4.771|4410|4210|0|0|(2449904)|empty
1896684377507637781|686510941|13|250124|79|(2450013)|5.613|4511|4310|0|0|(2449943)|empty
1896684377507637781|686510941|14|247216|77|(2450090)|5.208|4511|4410|0|0|(2450089)|empty
1896684377507637781|686510941|15|248720|79|(2450169)|6.437|4811|4711|0|0|(2450096)|empty
1896684377507637781|686510941|16|250224|79|(2450248)|4.769|4611|4110|0|0|(2450231)|empty
1896684377507637781|686510941|17|249823|80|(2450328)|5.479|5313|4511|0|0|(2450284)|empty
1896684377507637781|686510941|18|249522|80|(2450408)|5.461|5613|4210|0|0|(2450356)|empty
1896684377507637781|686510941|19|250525|79|(2450487)|5.544|4410|4410|0|0|(2450409)|empty
1896684377507637781|686510941|20|249422|76|(2450563)|5.355|4912|4511|0|0|(2450517)|empty
1896684377507637781|686510941|21|249723|82|(2450645)|4.901|4310|4009|0|0|(2450609)|empty
1896684377507637781|686510941|22|249021|79|(2450724)|5.690|4611|4511|0|0|(2450671)|empty
1896684377507637781|686510941|23|249522|79|(2450803)|4.265|4711|4611|0|0|(2450742)|empty
1896684377507637781|686510941|24|247617|79|(2450882)|4.494|4410|4310|0|0|(2450849)|empty
1896684377507637781|686510941|25|250023|79|(2450961)|5.668|4912|4310|0|0|(2450886)|empty
1896684377507637781|686510941|26|250124|80|(2451041)|6.196|4511|4410|0|0|(2451019)|empty
1896684377507637781|686510941|27|250023|77|(2451118)|4.435|4410|4210|0|0|(2451114)|empty
1896684377507637781|686510941|28|247918|78|(2451196)|5.070|4611|4310|0|0|(2451185)|empty
1896684377507637781|686510941|29|249522|79|(2451275)|4.918|4410|4210|0|0|(2451198)|empty
1896684377507637781|686510941|30|248820|78|(2451353)|4.996|4410|4310|0|0|(2451348)|empty
1896684377507637781|686510941|31|250023|80|(2451433)|5.238|4410|4410|0|0|(2451385)|empty
1896684377507637781|686510941|32|251125|79|(2451512)|5.232|4912|4410|0|0|(2451509)|empty
1896684377507637781|686510941|33|248218|78|(2451590)|4.180|4410|4110|0|0|(2451540)|empty
1896684377507637781|686510941|34|251025|81|(2451671)|5.313|4811|4410|0|0|(2451667)|empty
1896684377507637781|686510941|35|250624|80|(2451751)|4.463|4310|4310|0|0|(2451708)|empty
1896684377507637781|686510941|36|249220|80|(2451831)|6.035|4811|4611|0|0|(2451791)|empty
1896684377507637781|686510941|37|249922|80|(2451911)|5.308|4310|4310|0|0|(2451836)|empty
1896684377507637781|686510941|38|251025|79|(2451990)|5.785|4611|4611|0|0|(2451935)|empty
1896684377507637781|686510941|39|250724|77|(2452067)|5.191|4511|4410|0|0|(2452006)|empty
1896684377507637781|686510941|40|252729|77|(2452144)|4.272|4511|4511|0|0|(2452078)|empty
1896684377507637781|686510941|41|252328|78|(2452222)|5.141|4912|4410|0|0|(2452208)|empty
1896684377507637781|686510941|42|252829|79|(2452301)|5.224|4511|4410|0|0|(2452294)|empty
1896684377507637781|686510941|43|252428|80|(2452381)|4.471|4210|4110|0|0|(2452322)|empty
1896684377507637781|686510941|44|251426|80|(2452461)|5.286|4511|4410|0|0|(2452454)|empty
1896684377507637781|686510941|45|252529|79|(2452540)|4.487|4511|4110|0|0|(2452504)|empty
1896684377507637781|686510941|46|253331|80|(2452620)|5.744|5012|4611|0|0|(2452573)|empty
1896684377507637781|686510941|47|90726|28|(2452648)|6.482|5012|4410|0|0|(2452642)|empty
1896684377507637781|686510941|48|416738|1|(NULL)|.000|0|0|0|0|()|empty
1896684377507637781|686510946|0|0|0|(2449028)|.000|0|0|0|0|()|empty
1896684377507637781|686510946|1|249621|77|(2449104)|5.099|4611|4511|0|0|(2449075)|empty
1896684377507637781|686510946|2|248720|79|(2449183)|5.123|4511|4410|0|0|(2449124)|empty
1896684377507637781|686510946|3|248018|76|(2449259)|4.633|4611|4310|0|0|(2449232)|empty
1896684377507637781|686510946|4|249422|80|(2449339)|5.474|4912|4511|0|0|(2449284)|empty
1896684377507637781|686510946|5|247617|75|(2449414)|4.570|4611|4511|0|0|(2449360)|empty
1896684377507637781|686510946|6|248820|78|(2449492)|5.229|4410|4210|0|0|(2449434)|empty
1896684377507637781|686510946|7|250124|82|(2449574)|5.159|4410|4009|0|0|(2449543)|empty
1896684377507637781|686510946|8|247016|78|(2449652)|4.410|4310|4210|0|0|(2449643)|empty
1896684377507637781|686510946|9|248018|77|(2449729)|5.324|4912|4511|0|0|(2449673)|empty
1896684377507637781|686510946|10|250023|79|(2449808)|4.968|4811|4410|0|0|(2449766)|empty
1896684377507637781|686510946|11|248520|78|(2449886)|5.930|4711|4511|0|0|(2449817)|empty
1896684377507637781|686510946|12|248720|78|(2449964)|4.690|4410|4310|0|0|(2449934)|empty
1896684377507637781|686510946|13|249823|79|(2450043)|5.590|4511|4310|0|0|(2449973)|empty
1896684377507637781|686510946|14|250424|78|(2450121)|5.321|4611|4511|0|0|(2450119)|empty
1896684377507637781|686510946|15|250124|80|(2450201)|6.304|4711|4711|0|0|(2450126)|empty
1896684377507637781|686510946|16|249723|79|(2450280)|4.585|4511|4210|0|0|(2450261)|empty
1896684377507637781|686510946|17|249322|79|(2450359)|5.427|5313|4511|0|0|(2450314)|empty
1896684377507637781|686510946|18|247016|79|(2450438)|5.345|5513|4310|0|0|(2450386)|empty
1896684377507637781|686510946|19|247617|78|(2450516)|5.405|4511|4310|0|0|(2450466)|empty
1896684377507637781|686510946|20|248018|76|(2450592)|5.328|4912|4611|0|0|(2450547)|empty
1896684377507637781|686510946|21|249422|81|(2450673)|5.136|4310|4110|0|0|(2450639)|empty
1896684377507637781|686510946|22|249322|80|(2450753)|5.376|4511|4511|0|0|(2450701)|empty
1896684377507637781|686510946|23|248018|79|(2450832)|4.347|4811|4511|0|0|(2450772)|empty
1896684377507637781|686510946|24|251026|80|(2450912)|4.542|4410|4410|0|0|(2450851)|empty
1896684377507637781|686510946|25|249823|79|(2450991)|5.630|4912|4310|0|0|(2450916)|empty
1896684377507637781|686510946|26|249522|80|(2451071)|6.144|4711|4410|0|0|(2451049)|empty
1896684377507637781|686510946|27|250424|77|(2451148)|4.653|4410|4210|0|0|(2451144)|empty
1896684377507637781|686510946|28|248219|78|(2451226)|5.324|4611|4410|0|0|(2451215)|empty
1896684377507637781|686510946|29|251327|79|(2451305)|4.950|4210|4110|0|0|(2451268)|empty
1896684377507637781|686510946|30|249422|78|(2451383)|5.111|4310|4310|0|0|(2451321)|empty
1896684377507637781|686510946|31|250825|80|(2451463)|5.310|4410|4310|0|0|(2451445)|empty
1896684377507637781|686510946|32|250824|79|(2451542)|5.027|5012|4310|0|0|(2451539)|empty
1896684377507637781|686510946|33|248318|78|(2451620)|4.412|4210|4210|0|0|(2451570)|empty
1896684377507637781|686510946|34|250824|81|(2451701)|5.332|4711|4511|0|0|(2451697)|empty
1896684377507637781|686510946|35|249922|80|(2451781)|4.610|4310|4310|0|0|(2451727)|empty
1896684377507637781|686510946|36|251727|81|(2451862)|5.918|4811|4511|0|0|(2451821)|empty
1896684377507637781|686510946|37|251225|81|(2451943)|5.408|4410|4310|0|0|(2451866)|empty
1896684377507637781|686510946|38|249220|78|(2452021)|5.764|4611|4611|0|0|(2451965)|empty
1896684377507637781|686510946|39|250524|77|(2452098)|4.987|4410|4210|0|0|(2452045)|empty
1896684377507637781|686510946|40|250524|77|(2452175)|4.317|4511|4410|0|0|(2452108)|empty
1896684377507637781|686510946|41|252228|78|(2452253)|5.336|5012|4511|0|0|(2452238)|empty
1896684377507637781|686510946|42|251927|79|(2452332)|4.927|4511|4210|0|0|(2452324)|empty
1896684377507637781|686510946|43|249722|79|(2452411)|4.450|4210|4110|0|0|(2452352)|empty
1896684377507637781|686510946|44|253531|81|(2452492)|5.248|4410|4410|0|0|(2452477)|empty
1896684377507637781|686510946|45|252128|79|(2452571)|4.731|4511|4110|0|0|(2452534)|empty
1896684377507637781|686510946|46|251025|79|(2452650)|5.800|5112|4611|0|0|(2452603)|empty
1896684377507637781|686510946|47|90625|28|(2452678)|6.443|5112|4210|0|0|(2452672)|empty
1896684377507637781|686510946|48|421650|1|(NULL)|.000|0|0|0|0|()|empty
1896684377507637781|686510950|0|0|0|(4)|.000|0|0|0|0|()|empty
1896684377507637781|686510950|1|100719|32442|(49268)|.104|300|200|0|0|(24482)|empty
1896684377507637781|686510950|2|226844|72979|(162617)|.100|200|200|0|0|(149534)|empty
1896684377507637781|686510950|3|161131|51817|(242320)|.102|200|200|0|0|(223332)|empty
1896684377507637781|686510950|4|211541|67908|(346275)|.110|200|200|0|0|(345390)|empty
1896684377507637781|686510950|5|134226|45248|(413086)|.081|200|200|0|0|(398677)|empty
1896684377507637781|686510950|6|310060|104279|(573499)|.095|200|200|0|0|(413217)|empty
1896684377507637781|686510950|7|310060|103974|(724688)|.109|200|200|0|0|(574460)|empty
1896684377507637781|686510950|8|110622|37170|(779789)|.099|200|200|0|0|(768234)|empty
1896684377507637781|686510950|9|347767|110999|(953386)|.103|200|200|0|0|(780414)|empty
1896684377507637781|686510950|10|5301|1677|(955995)|.137|200|100|0|0|(955777)|empty
1896684377507637781|686510950|11|100|32|(956546)|.000|100|50|0|0|(956546)|empty
1896684377507637781|686510950|12|33607|10745|(973019)|.094|200|200|0|0|(963507)|empty
1896684377507637781|686510950|13|100|33|(973507)|.000|100|50|0|0|(973507)|empty
1896684377507637781|686510950|14|47110|15854|(998294)|.092|200|200|0|0|(974045)|empty
1896684377507637781|686510950|15|434784|146114|(1213259)|.099|200|200|0|0|(1000746)|empty
1896684377507637781|686510950|16|271151|91118|(1351037)|.099|200|200|0|0|(1213587)|empty
1896684377507637781|686510950|17|100|34|(1351520)|.000|100|50|0|0|(1351520)|empty
1896684377507637781|686510950|18|464689|161118|(1591255)|.089|200|200|0|0|(1353986)|empty
1896684377507637781|686510950|19|464689|160873|(1821344)|.097|200|200|0|0|(1598966)|empty
1896684377507637781|686510950|20|464689|160663|(2050127)|.103|200|200|0|0|(1829599)|empty
1896684377507637781|686510950|21|464689|154832|(2289670)|.107|300|200|0|0|(2217610)|empty
1896684377507637781|686510950|22|256849|85673|(2413161)|.100|200|200|0|0|(2291312)|empty
1896684377507637781|686510950|23|100|33|(2413612)|.000|100|50|0|0|(2413612)|empty
1896684377507637781|686510950|24|512698|171211|(2669796)|.094|200|200|0|0|(2416840)|empty
1896684377507637781|686510950|25|439184|149674|(2893119)|.097|200|200|0|0|(2673598)|empty
1896684377507637781|686510950|26|100|34|(2893567)|.000|100|50|0|0|(2893567)|empty
1896684377507637781|686510950|27|566008|193107|(3178994)|.090|200|200|0|0|(2894712)|empty
1896684377507637781|686510950|28|335164|113985|(3344950)|.107|200|200|0|0|(3179484)|empty
1896684377507637781|686510950|29|100|32|(3345423)|.000|100|50|0|0|(3345423)|empty
1896684377507637781|686510950|30|665727|214699|(3676061)|.101|200|200|0|0|(3350642)|empty
1896684377507637781|686510950|31|358868|115760|(3847664)|.101|200|200|0|0|(3676774)|empty
1896684377507637781|686510950|32|100|32|(3848136)|.000|100|50|0|0|(3848136)|empty
1896684377507637781|686510950|33|256249|87006|(3975159)|.102|200|200|0|0|(3864034)|empty
1896684377507637781|686510950|34|100|34|(3975687)|.000|100|50|0|0|(3975687)|empty
1896684377507637781|686510950|35|1348258|458097|(4644166)|.099|300|300|0|0|(4143895)|empty
1896684377507637781|686510950|36|1348258|458268|(5323198)|.095|200|200|0|0|(4648673)|empty
1896684377507637781|686510950|37|584412|190691|(5618890)|.099|200|200|0|0|(5324697)|empty
1896684377507637781|686510950|38|100|32|(5619432)|.000|100|50|0|0|(5619432)|empty
1896684377507637781|686510950|39|763746|287577|(5999980)|.089|200|200|0|0|(5620283)|empty
1896684377507637781|686510956|0|0|0|(1)|.000|0|0|0|0|()|empty
1896684377507637781|686510956|1|249120|156|(156)|3.492|2506|2305|0|0|(66)|empty
1896684377507637781|686510956|2|249622|154|(310)|3.821|3007|2606|0|0|(184)|empty
1896684377507637781|686510956|3|248319|153|(463)|3.926|2806|2706|0|0|(451)|empty
1896684377507637781|686510956|4|248720|152|(615)|3.747|2806|2706|0|0|(588)|empty
1896684377507637781|686510956|5|249322|158|(773)|3.703|3007|2706|0|0|(682)|empty
1896684377507637781|686510956|6|248520|158|(931)|4.240|3207|3007|0|0|(908)|empty
1896684377507637781|686510956|7|248720|152|(1083)|3.501|2606|2405|0|0|(936)|empty
1896684377507637781|686510956|8|248520|154|(1237)|3.726|2907|2506|0|0|(1223)|empty
1896684377507637781|686510956|9|249923|157|(1394)|3.567|2405|2405|0|0|(1268)|empty
1896684377507637781|686510956|10|249522|157|(1551)|3.904|2606|2506|0|0|(1465)|empty
1896684377507637781|686510956|11|249522|154|(1705)|3.828|2706|2706|0|0|(1569)|empty
1896684377507637781|686510956|12|249422|153|(1858)|4.267|3107|2907|0|0|(1756)|empty
1896684377507637781|686510956|13|249021|158|(2016)|3.728|2907|2706|0|0|(2009)|empty
1896684377507637781|686510956|14|249522|153|(2169)|3.712|2706|2606|0|0|(2063)|empty
1896684377507637781|686510956|15|248520|152|(2321)|3.526|2606|2606|0|0|(2178)|empty
1896684377507637781|686510956|16|249422|161|(2482)|3.810|2606|2606|0|0|(2398)|empty
1896684377507637781|686510956|17|249322|154|(2636)|3.900|3107|2806|0|0|(2629)|empty
1896684377507637781|686510956|18|250224|150|(2786)|3.851|2907|2806|0|0|(2750)|empty
1896684377507637781|686510956|19|249723|158|(2944)|3.725|2907|2706|0|0|(2840)|empty
1896684377507637781|686510956|20|248921|157|(3101)|3.461|2706|2405|0|0|(3084)|empty
1896684377507637781|686510956|21|249522|157|(3258)|3.501|2606|2506|0|0|(3198)|empty
1896684377507637781|686510956|22|250023|155|(3413)|3.984|2806|2706|0|0|(3340)|empty
1896684377507637781|686510956|23|250324|157|(3570)|3.786|2606|2606|0|0|(3441)|empty
1896684377507637781|686510956|24|249221|153|(3723)|3.589|2405|2305|0|0|(3623)|empty
1896684377507637781|686510956|25|250124|161|(3884)|3.873|2606|2606|0|0|(3773)|empty
1896684377507637781|686510956|26|250023|159|(4043)|3.809|2506|2506|0|0|(3983)|empty
1896684377507637781|686510956|27|250224|160|(4203)|3.417|2706|2606|0|0|(4109)|empty
1896684377507637781|686510956|28|249823|148|(4351)|4.023|2806|2706|0|0|(4280)|empty
1896684377507637781|686510956|29|249120|151|(4502)|4.086|2606|2506|0|0|(4366)|empty
1896684377507637781|686510956|30|250524|153|(4655)|4.059|2606|2606|0|0|(4563)|empty
1896684377507637781|686510956|31|250524|156|(4811)|3.484|2706|2606|0|0|(4758)|empty
1896684377507637781|686510956|32|249421|158|(4969)|3.805|3007|2806|0|0|(4848)|empty
1896684377507637781|686510956|33|250624|159|(5128)|3.953|2907|2506|0|0|(5061)|empty
1896684377507637781|686510956|34|250624|154|(5282)|4.324|2907|2706|0|0|(5170)|empty
1896684377507637781|686510956|35|250123|156|(5438)|4.321|2806|2806|0|0|(5367)|empty
1896684377507637781|686510956|36|250223|157|(5595)|4.228|2907|2706|0|0|(5477)|empty
1896684377507637781|686510956|37|251025|156|(5751)|3.908|2606|2606|0|0|(5653)|empty
1896684377507637781|686510956|38|249822|155|(5906)|3.806|2907|2606|0|0|(5756)|empty
1896684377507637781|686510956|39|250423|155|(6061)|3.784|2606|2506|0|0|(5998)|empty
1896684377507637781|686510956|40|249621|155|(6216)|4.081|3207|2907|0|0|(6176)|empty
1896684377507637781|686510956|41|250724|153|(6369)|3.949|2706|2606|0|0|(6318)|empty
1896684377507637781|686510956|42|251125|160|(6529)|3.925|2706|2506|0|0|(6376)|empty
1896684377507637781|686510956|43|251927|150|(6679)|3.921|3007|2606|0|0|(6549)|empty
1896684377507637781|686510956|44|251927|154|(6833)|3.777|2506|2506|0|0|(6738)|empty
1896684377507637781|686510956|45|251526|157|(6990)|3.970|2506|2405|0|0|(6933)|empty
1896684377507637781|686510956|46|251927|156|(7146)|3.967|2806|2706|0|0|(7110)|empty
1896684377507637781|686510956|47|82305|54|(7200)|3.716|2506|2405|0|0|(7176)|empty
1896684377507637781|686510956|48|423254|1|(NULL)|.000|0|0|0|0|()|empty
1896684377507637781|686510961|0|0|0|(6)|.000|0|0|0|0|()|empty
1896684377507637781|686510961|1|162003|19069|(25570)|.180|300|200|0|0|(22491)|empty
1896684377507637781|686510961|2|92130|13532|(40964)|.153|200|200|0|0|(38536)|empty
1896684377507637781|686510961|3|193182|29084|(73855)|.151|200|200|0|0|(41539)|empty
1896684377507637781|686510961|4|174335|23656|(102819)|.178|300|300|0|0|(99530)|empty
1896684377507637781|686510961|5|106967|10815|(120954)|.202|300|200|0|0|(112891)|empty
1896684377507637781|686510961|6|241502|38090|(161406)|.135|200|200|0|0|(121668)|empty
1896684377507637781|686510961|7|102356|16081|(178992)|.152|200|200|0|0|(161752)|empty
1896684377507637781|686510961|8|204410|32065|(211854)|.160|300|300|0|0|(192766)|empty
1896684377507637781|686510961|9|274885|44864|(257225)|.155|300|300|0|0|(221811)|empty
1896684377507637781|686510961|10|274885|37433|(303093)|.172|300|300|0|0|(260483)|empty
1896684377507637781|686510961|11|274885|39295|(348403)|.156|200|200|0|0|(303127)|empty
1896684377507637781|686510961|12|274885|43950|(394983)|.140|300|200|0|0|(385831)|empty
1896684377507637781|686510961|13|274885|43720|(440803)|.160|300|300|0|0|(404157)|empty
1896684377507637781|686510961|14|274885|43248|(486096)|.154|300|300|0|0|(444254)|empty
1896684377507637781|686510961|15|274785|38323|(532746)|.165|300|300|0|0|(503331)|empty
1896684377507637781|686510961|16|274885|46066|(578545)|.153|300|300|0|0|(540860)|empty
1896684377507637781|686510961|17|227668|34267|(616126)|.154|300|200|0|0|(605456)|empty
1896684377507637781|686510961|18|267567|41717|(660674)|.150|300|200|0|0|(620788)|empty
1896684377507637781|686510961|19|267567|40577|(705016)|.157|300|300|0|0|(661701)|empty
1896684377507637781|686510961|20|148270|24840|(729360)|.157|300|300|0|0|(715558)|empty
1896684377507637781|686510961|21|271878|38427|(772899)|.164|300|300|0|0|(730621)|empty
1896684377507637781|686510961|22|271878|36857|(817817)|.161|200|200|0|0|(773587)|empty
1896684377507637781|686510961|23|271878|35353|(862791)|.166|200|200|0|0|(817876)|empty
1896684377507637781|686510961|24|34587|5121|(868482)|.142|200|200|0|0|(863256)|empty
1896684377507637781|686510961|25|281702|41277|(916282)|.165|300|300|0|0|(878784)|empty
1896684377507637781|686510961|26|281702|39296|(962855)|.163|300|300|0|0|(917232)|empty
1896684377507637781|686510961|27|281701|38729|(1009531)|.173|300|300|0|0|(968250)|empty
1896684377507637781|686510961|28|236790|36325|(1050477)|.158|300|300|0|0|(1020677)|empty
1896684377507637781|686510961|29|152479|21574|(1076305)|.141|200|200|0|0|(1051490)|empty
1896684377507637781|686510961|30|325110|45619|(1130684)|.166|300|200|0|0|(1123353)|empty
1896684377507637781|686510961|31|243205|35776|(1170418)|.154|300|200|0|0|(1152722)|empty
1896684377507637781|686510961|32|100|15|(1170581)|.000|100|50|0|0|(1170581)|empty
1896684377507637781|686510961|33|197492|29042|(1203608)|.171|300|300|0|0|(1178189)|empty
1896684377507637781|686510961|34|100|14|(1203768)|.000|100|50|0|0|(1203768)|empty
1896684377507637781|686510961|35|141853|19984|(1228145)|.158|200|200|0|0|(1203905)|empty
1896684377507637781|686510961|36|100|15|(1228356)|.000|100|50|0|0|(1228356)|empty
1896684377507637781|686510961|37|462051|70703|(1303665)|.162|300|300|0|0|(1266231)|empty
1896684377507637781|686510961|38|462051|66031|(1380024)|.156|300|200|0|0|(1360287)|empty
1896684377507637781|686510961|39|462051|64127|(1456925)|.161|300|300|0|0|(1396968)|empty
1896684377507637781|686510961|40|462051|65175|(1533599)|.158|300|200|0|0|(1511796)|empty
1896684377507637781|686510961|41|462051|73142|(1609199)|.148|300|300|0|0|(1543080)|empty
1896684377507637781|686510961|42|162404|24240|(1636325)|.150|200|200|0|0|(1609511)|empty
1896684377507637781|686510961|43|100|14|(1636489)|.000|100|50|0|0|(1636489)|empty
1896684377507637781|686510961|44|715883|96912|(1750714)|.164|300|300|0|0|(1640663)|empty
1896684377507637781|686510961|45|715883|112150|(1871676)|.156|400|300|0|0|(1829664)|empty
1896684377507637781|686510961|46|76089|11908|(1884631)|.140|200|200|0|0|(1873070)|empty
1896684377507637781|686510961|47|100|16|(1884791)|.000|100|50|0|0|(1884791)|empty
1896684377507637781|686510961|48|221552|34473|(1920778)|.155|300|200|0|0|(1887481)|empty
1896684377507637781|686510961|49|418242|1|(NULL)|.000|300|300|0|0|(93617)|empty
1896684377507637781|686510966|0|0|0|('AAAAAAAAAAABKCAA')|.000|0|0|0|0|()|empty
1896684377507637781|686510966|1|193501|193501|('AAAAAAAAAECGGDAA')|.000|1|1|0|0|('AAAAAAAAAAABKCAA')|empty
1896684377507637781|686510966|2|193502|193502|('AAAAAAAAAICPNBAA')|.000|1|1|0|0|('AAAAAAAAAECGNKAA')|empty
1896684377507637781|686510966|3|193502|193502|('AAAAAAAAAMFEBBAA')|.000|1|1|0|0|('AAAAAAAAAICPPFAA')|empty
1896684377507637781|686510966|4|193502|193502|('AAAAAAAABAFEBHAA')|.000|1|1|0|0|('AAAAAAAAAMFFGEAA')|empty
1896684377507637781|686510966|5|193502|193502|('AAAAAAAABEICCGAA')|.000|1|1|0|0|('AAAAAAAABAFEGDAA')|empty
1896684377507637781|686510966|6|193502|193502|('AAAAAAAABILEJDAA')|.000|1|1|0|0|('AAAAAAAABEIEMCAA')|empty
1896684377507637781|686510966|7|193502|193502|('AAAAAAAABMOLLDAA')|.000|1|1|0|0|('AAAAAAAABILFGLAA')|empty
1896684377507637781|686510966|8|193502|193502|('AAAAAAAACAOCOGAA')|.000|1|1|0|0|('AAAAAAAABMOLNKAA')|empty
1896684377507637781|686510966|9|193502|193502|('AAAAAAAACENPHBAA')|.000|1|1|0|0|('AAAAAAAACAODAJAA')|empty
1896684377507637781|686510966|10|193502|193502|('AAAAAAAACIPNDFAA')|.000|1|1|0|0|('AAAAAAAACENPHGAA')|empty
1896684377507637781|686510966|11|193502|193502|('AAAAAAAACMPLAAAA')|.000|1|1|0|0|('AAAAAAAACIPNIFAA')|empty
1896684377507637781|686510966|12|193502|193502|('AAAAAAAADBAHEEAA')|.000|1|1|0|0|('AAAAAAAACMPLFEAA')|empty
1896684377507637781|686510966|13|193502|193502|('AAAAAAAADFFFKKAA')|.000|1|1|0|0|('AAAAAAAADBAHEFAA')|empty
1896684377507637781|686510966|14|193502|193502|('AAAAAAAADJHOBKAA')|.000|1|1|0|0|('AAAAAAAADFFGODAA')|empty
1896684377507637781|686510966|15|193502|193502|('AAAAAAAADNKCNEAA')|.000|1|1|0|0|('AAAAAAAADJHOIIAA')|empty
1896684377507637781|686510966|16|193502|193502|('AAAAAAAAEBLENDAA')|.000|1|1|0|0|('AAAAAAAADNKDDEAA')|empty
1896684377507637781|686510966|17|193502|193502|('AAAAAAAAEFNBACAA')|.000|1|1|0|0|('AAAAAAAAEBLENGAA')|empty
1896684377507637781|686510966|18|193502|193502|('AAAAAAAAEKBEMGAA')|.000|1|1|0|0|('AAAAAAAAEFNBNJAA')|empty
1896684377507637781|686510966|19|193502|193502|('AAAAAAAAEOECPIAA')|.000|1|1|0|0|('AAAAAAAAEKBFLCAA')|empty
1896684377507637781|686510966|20|193502|193502|('AAAAAAAAFCHLDAAA')|.000|1|1|0|0|('AAAAAAAAEOEDALAA')|empty
1896684377507637781|686510966|21|193502|193502|('AAAAAAAAFGKIAKAA')|.000|1|1|0|0|('AAAAAAAAFCHMBJAA')|empty
1896684377507637781|686510966|22|193502|193502|('AAAAAAAAFKPIIBAA')|.000|1|1|0|0|('AAAAAAAAFGKIBDAA')|empty
1896684377507637781|686510966|23|193502|193502|('AAAAAAAAFOPFAJAA')|.000|1|1|0|0|('AAAAAAAAFKPJFJAA')|empty
1896684377507637781|686510966|24|193502|193502|('AAAAAAAAGDABCDAA')|.000|1|1|0|0|('AAAAAAAAFOPFJIAA')|empty
1896684377507637781|686510966|25|193502|193502|('AAAAAAAAGHCFKHAA')|.000|1|1|0|0|('AAAAAAAAGDACNAAA')|empty
1896684377507637781|686510966|26|193502|193502|('AAAAAAAAGLGFPFAA')|.000|1|1|0|0|('AAAAAAAAGHCGAJAA')|empty
1896684377507637781|686510966|27|193502|193502|('AAAAAAAAGPHNOKAA')|.000|1|1|0|0|('AAAAAAAAGLGGDLAA')|empty
1896684377507637781|686510966|28|193502|193502|('AAAAAAAAHDJPHAAA')|.000|1|1|0|0|('AAAAAAAAGPHODEAA')|empty
1896684377507637781|686510966|29|193502|193502|('AAAAAAAAHHMDKIAA')|.000|1|1|0|0|('AAAAAAAAHDJPPGAA')|empty
1896684377507637781|686510966|30|193502|193502|('AAAAAAAAHLNEOGAA')|.000|1|1|0|0|('AAAAAAAAHHMECIAA')|empty
1896684377507637781|686510966|31|193502|193502|('AAAAAAAAIAAGKGAA')|.000|1|1|0|0|('AAAAAAAAHLNFFAAA')|empty
1896684377507637781|686510966|32|193502|193502|('AAAAAAAAIEDKKHAA')|.000|1|1|0|0|('AAAAAAAAIAAHGKAA')|empty
1896684377507637781|686510966|33|193502|193502|('AAAAAAAAIIFDCDAA')|.000|1|1|0|0|('AAAAAAAAIEDLCFAA')|empty
1896684377507637781|686510966|34|193602|193602|('AAAAAAAAIMGBJKAA')|.000|1|1|0|0|('AAAAAAAAIIFDLBAA')|empty
1896684377507637781|686510966|35|193602|193602|('AAAAAAAAJAKCPEAA')|.000|1|1|0|0|('AAAAAAAAIMGCFAAA')|empty
1896684377507637781|686510966|36|193602|193602|('AAAAAAAAJELLJGAA')|.000|1|1|0|0|('AAAAAAAAJAKDEHAA')|empty
1896684377507637781|686510966|37|193602|193602|('AAAAAAAAJIMNKIAA')|.000|1|1|0|0|('AAAAAAAAJELMDKAA')|empty
1896684377507637781|686510966|38|193602|193602|('AAAAAAAAJNAHLIAA')|.000|1|1|0|0|('AAAAAAAAJIMOCJAA')|empty
1896684377507637781|686510966|39|193602|193602|('AAAAAAAAKBBDLJAA')|.000|1|1|0|0|('AAAAAAAAJNAIBJAA')|empty
1896684377507637781|686510966|40|193601|193601|('AAAAAAAAKFEAGIAA')|.000|1|1|0|0|('AAAAAAAAKBBECBAA')|empty
1896684377507637781|686510966|41|193601|193601|('AAAAAAAAKJFPLEAA')|.000|1|1|0|0|('AAAAAAAAKFEAKEAA')|empty
1896684377507637781|686510966|42|193601|193601|('AAAAAAAAKNHMCHAA')|.000|1|1|0|0|('AAAAAAAAKJGAKKAA')|empty
1896684377507637781|686510966|43|193601|193601|('AAAAAAAALBKOHEAA')|.000|1|1|0|0|('AAAAAAAAKNHMPAAA')|empty
1896684377507637781|686510966|44|193601|193601|('AAAAAAAALFOGPCAA')|.000|1|1|0|0|('AAAAAAAALBKOKEAA')|empty
1896684377507637781|686510966|45|193601|193601|('AAAAAAAALKBDNBAA')|.000|1|1|0|0|('AAAAAAAALFOHBLAA')|empty
1896684377507637781|686510966|46|193601|193601|('AAAAAAAALOBEFIAA')|.000|1|1|0|0|('AAAAAAAALKBEIKAA')|empty
1896684377507637781|686510966|47|193601|193601|('AAAAAAAAMCEFFGAA')|.000|1|1|0|0|('AAAAAAAALOBEMEAA')|empty
1896684377507637781|686510966|48|193601|193601|('AAAAAAAAMGHHBEAA')|.000|1|1|0|0|('AAAAAAAAMCEFNKAA')|empty
1896684377507637781|686510966|49|193601|193601|('AAAAAAAAMKKAJIAA')|.000|1|1|0|0|('AAAAAAAAMGHHMBAA')|empty
1896684377507637781|686510966|50|193601|193601|('AAAAAAAAMOOHCHAA')|.000|1|1|0|0|('AAAAAAAAMKKANGAA')|empty
1896684377507637781|686510966|51|193601|193601|('AAAAAAAANCPLKFAA')|.000|1|1|0|0|('AAAAAAAAMOOIAGAA')|empty
1896684377507637781|686510966|52|193601|193601|('AAAAAAAANHECKHAA')|.000|1|1|0|0|('AAAAAAAANCPLLFAA')|empty
1896684377507637781|686510966|53|193601|193601|('AAAAAAAANLENDDAA')|.000|1|1|0|0|('AAAAAAAANHEDCKAA')|empty
1896684377507637781|686510966|54|193601|193601|('AAAAAAAANPGLAFAA')|.000|1|1|0|0|('AAAAAAAANLENDGAA')|empty
1896684377507637781|686510966|55|193601|193601|('AAAAAAAAODHPOKAA')|.000|1|1|0|0|('AAAAAAAANPGLEKAA')|empty
1896684377507637781|686510966|56|193601|193601|('AAAAAAAAOHJPAJAA')|.000|1|1|0|0|('AAAAAAAAODIBBIAA')|empty
1896684377507637781|686510966|57|193601|193601|('AAAAAAAAOLMDDAAA')|.000|1|1|0|0|('AAAAAAAAOHJPJFAA')|empty
1896684377507637781|686510966|58|193601|193601|('AAAAAAAAOPNFJGAA')|.000|1|1|0|0|('AAAAAAAAOLMDFBAA')|empty
1896684377507637781|686510966|59|193601|193601|('AAAAAAAAPDMPHCAA')|.000|1|1|0|0|('AAAAAAAAOPNFOIAA')|empty
1896684377507637781|686510966|60|193601|193601|('AAAAAAAAPHPBHDAA')|.000|1|1|0|0|('AAAAAAAAPDMPLAAA')|empty
1896684377507637781|686510966|61|193601|193601|('AAAAAAAAPLOOLJAA')|.000|1|1|0|0|('AAAAAAAAPHPBPJAA')|empty
1896684377507637781|686510966|62|193601|193601|('AAAAAAAAPPPONIAA')|.000|1|1|0|0|('AAAAAAAAPLOOOKAA')|empty
1896684377507637781|686510970|0|0|0|(15)|.000|0|0|0|0|()|empty
1896684377507637781|686510970|1|129124|129124|(131510)|.000|1|1|0|0|(15)|empty
1896684377507637781|686510970|2|245848|245848|(373516)|.000|1|0|0|0|(373516)|empty
1896684377507637781|686510970|3|214242|214242|(586388)|.000|1|0|0|0|(586388)|empty
1896684377507637781|686510970|4|169933|169933|(753456)|.000|1|0|0|0|(753456)|empty
1896684377507637781|686510970|5|179135|179135|(928836)|.000|1|1|0|0|(857757)|empty
1896684377507637781|686510970|6|100|100|(930105)|.000|1|0|0|0|(930105)|empty
1896684377507637781|686510970|7|269752|269752|(1196703)|.000|1|1|0|0|(930119)|empty
1896684377507637781|686510970|8|269752|269752|(1471694)|.000|1|1|0|0|(1196819)|empty
1896684377507637781|686510970|9|269752|269752|(1732180)|.000|1|1|0|0|(1471879)|empty
1896684377507637781|686510970|10|269752|269752|(1995685)|.000|1|1|0|0|(1732250)|empty
1896684377507637781|686510970|11|64113|64113|(2058298)|.000|1|0|0|0|(2058298)|empty
1896684377507637781|686510970|12|268052|268052|(2330413)|.000|1|1|0|0|(2058425)|empty
1896684377507637781|686510970|13|178635|178635|(2514349)|.000|1|1|0|0|(2431523)|empty
1896684377507637781|686510970|14|100|100|(2515511)|.000|1|0|0|0|(2515511)|empty
1896684377507637781|686510970|15|72814|72814|(2586643)|.000|1|0|0|0|(2586643)|empty
1896684377507637781|686510970|16|293657|293657|(2889881)|.000|1|1|0|0|(2586693)|empty
1896684377507637781|686510970|17|293657|293657|(3186570)|.000|1|1|0|0|(2889904)|empty
1896684377507637781|686510970|18|232145|232145|(3416856)|.000|1|0|0|0|(3416856)|empty
1896684377507637781|686510970|19|67213|67213|(3486431)|.000|1|0|0|0|(3486431)|empty
1896684377507637781|686510970|20|354668|354668|(3837199)|.000|1|1|0|0|(3486488)|empty
1896684377507637781|686510970|21|354668|354668|(4188462)|.000|1|1|0|0|(3837277)|empty
1896684377507637781|686510970|22|354668|354668|(4537832)|.000|1|1|0|0|(4188607)|empty
1896684377507637781|686510970|23|281553|281553|(4817112)|.000|1|1|0|0|(4538295)|empty
1896684377507637781|686510970|24|100|100|(4818238)|.000|1|0|0|0|(4818238)|empty
1896684377507637781|686510970|25|377172|377172|(5203899)|.000|1|1|0|0|(4818301)|empty
1896684377507637781|686510970|26|377172|377172|(5577401)|.000|1|1|0|0|(5203985)|empty
1896684377507637781|686510970|27|377172|377172|(5941561)|.000|1|1|0|0|(5577420)|empty
1896684377507637781|686510970|28|377172|377172|(6330598)|.000|1|1|0|0|(5941737)|empty
1896684377507637781|686510970|29|377172|377172|(6693438)|.000|1|1|0|0|(6330639)|empty
1896684377507637781|686510970|30|377172|377172|(7081507)|.000|1|1|0|0|(6693545)|empty
1896684377507637781|686510970|31|377172|377172|(7459788)|.000|1|1|0|0|(7081509)|empty
1896684377507637781|686510970|32|377172|377172|(7837899)|.000|1|1|0|0|(7460162)|empty
1896684377507637781|686510970|33|377172|377172|(8227058)|.000|1|1|0|0|(7838065)|empty
1896684377507637781|686510970|34|377172|377172|(8601666)|.000|1|1|0|0|(8227089)|empty
1896684377507637781|686510970|35|377172|377172|(8975514)|.000|1|1|0|0|(8601878)|empty
1896684377507637781|686510970|36|377172|377172|(9354553)|.000|1|1|0|0|(8975862)|empty
1896684377507637781|686510970|37|377172|377172|(9730210)|.000|1|1|0|0|(9354595)|empty
1896684377507637781|686510970|38|377172|377172|(10102939)|.000|1|1|0|0|(9730226)|empty
1896684377507637781|686510970|39|80815|80815|(10185576)|.000|1|1|0|0|(10103091)|empty
1896684377507637781|686510970|40|100|100|(10186679)|.000|1|0|0|0|(10186679)|empty
1896684377507637781|686510970|41|601715|601715|(10792686)|.000|1|1|0|0|(10186708)|empty
1896684377507637781|686510970|42|306758|306758|(11101852)|.000|1|1|0|0|(10792960)|empty
1896684377507637781|686510970|43|100|100|(11102981)|.000|1|0|0|0|(11102981)|empty
1896684377507637781|686510970|44|896671|896671|(11999998)|.000|1|1|0|0|(11103059)|empty
1896684377507637781|686510976|0|0|0|('','','','','','','AAAAAAAAAAAAMGAA')|.000|0|0|0|0|()|empty
1896684377507637781|686510976|1|12000000|12000000|('Zulma.Lamb@z8CZT.edu','','ZIMBABWE','Y','Zuniga','Zulma','AAAAAAAAPPPPFLAA')|.000|1|1|0|0|('','','','','','','AAAAAAAAAAPILCAA')|empty
1896684377507637781|686510981|0|0|0|('','','AAAAAAAAAAABKCAA')|.000|0|0|0|0|()|empty
1896684377507637781|686510981|1|12000000|12000000|('Zuniga','Zulma','AAAAAAAAPPPONIAA')|.000|1|1|0|0|('','','AAAAAAAAAABDJHAA')|empty
1896684377507637781|686510986|0|0|0|(4,15)|.000|0|0|0|0|()|empty
1896684377507637781|686510986|1|12000000|12000000|(5999980,11999998)|.000|1|1|0|0|(4,3800240)|empty
1896684377507637781|686510991|0|0|0|('','')|.000|0|0|0|0|()|empty
1896684377507637781|686510991|1|12000000|99423|('Zuniga','Zulma')|6.710|209701|4400|0|0|('','')|empty
