6423927512735940293|1193351653|0|22|1|49|2750387156|1823|2016-08-16 14:35:39|(2450816)|(2452642)|0001-01-01 00:00:00|0|0|8|3|4.12731375080067328E-002|M|0|-1|0|0|empty|empty
6423927512735940293|1193351656|0|21|1|53|2750387156|2372896|2016-08-16 15:19:08|(-9.8811904E+003)|(9.6180000E+003)|0001-01-01 00:00:00|0|0|20|3|6.99143180460263680E-001|M|0|-1|0|0|empty|empty
6423927512735940293|1193351663|0|20|1|58|2750387156|1534013|2016-08-16 14:35:39|(0.0000000E+000)|(1.9978449E+004)|0001-01-01 00:00:00|0|0|8|3|1.19232911829270800E-001|M|0|-1|0|0|empty|empty
6423927512735940293|1193351666|0|19|1|56|2750387156|1489069|2016-08-16 14:35:39|(0.0000000E+000)|(1.9162439E+004)|0001-01-01 00:00:00|0|0|8|3|7.12785859876997248E-001|M|0|-1|0|0|empty|empty
6423927512735940293|1193351673|0|18|1|12|2750387156|663647|2016-08-16 14:35:39|(0.0000000E+000)|(1.6388179E+004)|0001-01-01 00:00:00|0|0|8|3|4.30984094241956608E-002|M|0|-1|0|0|empty|empty
6423927512735940293|1193351676|0|17|1|53|2750387156|172395|2016-08-16 14:35:39|(0.0000000E+000)|(1.6495899E+003)|0001-01-01 00:00:00|0|0|8|3|1.47289937942572448E-002|M|0|-1|0|0|empty|empty
6423927512735940293|1193351683|0|16|1|58|2750387156|1606112|2016-08-16 14:35:39|(1.1000000E+000)|(1.9904000E+004)|0001-01-01 00:00:00|0|0|8|3|5.60358940990664512E-001|M|0|-1|0|0|empty|empty
6423927512735940293|1193351686|0|15|1|55|2750387156|743244|2016-08-16 14:35:39|(1.0000000E+000)|(1.0000000E+004)|0001-01-01 00:00:00|0|0|8|3|6.09800959034660864E-001|M|0|-1|0|0|empty|empty
6423927512735940293|1193351693|0|14|1|60|2750387156|1147193|2016-08-16 15:19:08|(0.0000000E+000)|(1.9334000E+004)|0001-01-01 00:00:00|0|0|20|3|7.30973440501360768E-001|M|0|-1|0|0|empty|empty
6423927512735940293|1193351696|0|13|1|12|2750387156|663647|2016-08-16 14:35:39|(0.0000000E+000)|(1.6388179E+004)|0001-01-01 00:00:00|0|0|8|3|4.30984094241956608E-002|M|0|-1|0|0|empty|empty
6423927512735940293|1193351703|0|12|1|59|2750387156|47286|2016-08-16 14:35:39|(0.0000000E+000)|(1.9716000E+002)|0001-01-01 00:00:00|0|0|9|3|1.03124652979035040E-002|M|0|-1|0|0|empty|empty
6423927512735940293|1193351706|0|11|1|60|2750387156|19754|2016-08-16 15:17:47|(1.0000000E+000)|(2.0000000E+002)|0001-01-01 00:00:00|0|0|28|3|1.18581227990800928E-002|M|0|-1|0|0|empty|empty
6423927512735940293|1193351713|0|10|1|48|2750387156|9902|2016-08-16 14:35:39|(1.0000000E+000)|(1.0000000E+002)|0001-01-01 00:00:00|0|0|8|3|3.14975593259545344E-004|M|0|-1|0|0|empty|empty
6423927512735940293|1193351716|0|9|1|79|2750387156|101|2016-08-16 15:17:47|(1)|(100)|0001-01-01 00:00:00|0|0|28|3|0.00000000000000000E+000|M|0|-1|0|0|empty|empty
6423927512735940293|1193351723|0|8|1|25|2750387156|228851004|2016-08-16 16:19:23|(88)|(239999969)|0001-01-01 00:00:00|0|0|30|3|0.00000000000000000E+000|M|0|-1|0|0|empty|empty
6423927512735940293|1193351726|0|7|1|48|2750387156|1501|2016-08-16 14:35:39|(1)|(1500)|0001-01-01 00:00:00|0|0|8|3|1.26039725212060400E-004|M|0|-1|0|0|empty|empty
6423927512735940293|1193351732|0|6|1|49|2750387156|502|2016-08-16 16:20:47|(1)|(1000)|0001-01-01 00:00:00|0|0|30|3|5.48289070235463680E-005|M|0|-1|0|0|empty|empty
6423927512735940293|1193351737|0|5|1|36|2750387156|6078524|2016-08-16 16:18:00|(8)|(5999999)|0001-01-01 00:00:00|0|0|19|3|3.87093369781546688E-003|M|0|-1|0|0|empty|empty
6423927512735940293|1193351743|0|4|1|48|2750387156|7201|2016-08-16 14:35:39|(1)|(7200)|0001-01-01 00:00:00|0|0|8|3|3.97845695117117056E-004|M|0|-1|0|0|empty|empty
6423927512735940293|1193351746|0|3|1|43|2750387156|1953930|2016-08-16 14:35:39|(2)|(1920800)|0001-01-01 00:00:00|0|0|8|3|3.05725291663852864E-003|M|0|-1|0|0|empty|empty
6423927512735940293|1193351753|0|2|1|33|2750387156|11802670|2016-08-16 16:19:23|(30)|(11999977)|0001-01-01 00:00:00|0|0|31|3|6.64370840260601600E-003|M|0|-1|0|0|empty|empty
6423927512735940293|1193351757|0|1|1|58|2750387156|344000|2016-08-16 16:20:47|(1)|(299999)|0001-01-01 00:00:00|0|0|30|3|1.83771528995714368E-001|M|0|-1|0|0|empty|empty
6423927512735940293|1193351763|0|0|1|48|2750387156|46801|2016-08-16 14:35:39|(28800)|(75599)|0001-01-01 00:00:00|0|0|8|3|1.18401774504584208E-002|M|0|-1|0|0|empty|empty
6423927512735940293|1193351766|0|21|2|1|2750387156|986101|2016-08-16 15:10:59|(-9.9250000E+003,0.0000000E+000)|(9.1806396E+003,1.8640000E+004)|0001-01-01 00:00:00|0|0|32|3|1.36945786813062288E+002|M|0|-1|0|0|empty|empty
6423927512735940293|1193351766|1|14|2|1|2750387156|986101|2016-08-16 15:10:59|(-9.9250000E+003,0.0000000E+000)|(9.1806396E+003,1.8640000E+004)|0001-01-01 00:00:00|0|0|32|3|1.36945786813062288E+002|M|0|-1|0|0|empty|empty
6423927512735940293|1193351773|0|2|2|1|2750387156|998699|2016-08-16 15:12:30|(2,1)|(11999983,300000)|0001-01-01 00:00:00|0|0|27|3|0.00000000000000000E+000|M|0|-1|0|0|empty|empty
6423927512735940293|1193351773|1|1|2|1|2750387156|998699|2016-08-16 15:12:30|(2,1)|(11999983,300000)|0001-01-01 00:00:00|0|0|27|3|0.00000000000000000E+000|M|0|-1|0|0|empty|empty
6423927512735940293|1193351776|0|8|3|1|2750387156|2750387156|2016-08-16 15:13:48|(137,26,1)|(239999785,11999979,299999)|0001-01-01 00:00:00|0|0|19|3|0.00000000000000000E+000|M|0|-1|0|0|empty|empty
6423927512735940293|1193351776|1|2|3|1|2750387156|2750387156|2016-08-16 15:13:48|(137,26,1)|(239999785,11999979,299999)|0001-01-01 00:00:00|0|0|19|3|0.00000000000000000E+000|M|0|-1|0|0|empty|empty
6423927512735940293|1193351776|2|1|3|1|2750387156|2750387156|2016-08-16 15:13:48|(137,26,1)|(239999785,11999979,299999)|0001-01-01 00:00:00|0|0|19|3|0.00000000000000000E+000|M|0|-1|0|0|empty|empty
6423927512735940293|1193351783|0|8|2|1|2750387156|2750387156|2016-08-16 15:15:10|(88,1)|(239999845,299999)|0001-01-01 00:00:00|0|0|27|3|0.00000000000000000E+000|M|0|-1|0|0|empty|empty
6423927512735940293|1193351783|1|1|2|1|2750387156|2750387156|2016-08-16 15:15:10|(88,1)|(239999845,299999)|0001-01-01 00:00:00|0|0|27|3|0.00000000000000000E+000|M|0|-1|0|0|empty|empty
6423927512735940293|1193351786|0|14|2|1|2750387156|596942|2016-08-16 15:16:28|(0.0000000E+000,1)|(1.9190480E+004,100)|0001-01-01 00:00:00|0|0|27|3|8.08171439535821056E+001|M|0|-1|0|0|empty|empty
6423927512735940293|1193351786|1|9|2|1|2750387156|596942|2016-08-16 15:16:28|(0.0000000E+000,1)|(1.9190480E+004,100)|0001-01-01 00:00:00|0|0|27|3|8.08171439535821056E+001|M|0|-1|0|0|empty|empty
6423927512735940293|1193351793|0|11|2|1|2750387156|735802|2016-08-16 15:17:47|(1.0000000E+000,1)|(2.0000000E+002,100)|0001-01-01 00:00:00|0|0|28|3|1.03085594411964272E+002|M|0|-1|0|0|empty|empty
6423927512735940293|1193351793|1|9|2|1|2750387156|735802|2016-08-16 15:17:47|(1.0000000E+000,1)|(2.0000000E+002,100)|0001-01-01 00:00:00|0|0|28|3|1.03085594411964272E+002|M|0|-1|0|0|empty|empty
6423927512735940293|1193351796|0|21|3|1|2750387156|988019|2016-08-16 15:19:08|(-9.8811904E+003,0.0000000E+000,1)|(9.6180000E+003,1.9334000E+004,1000)|0001-01-01 00:00:00|0|0|20|3|3.42521746408802688E+001|M|0|-1|0|0|empty|empty
6423927512735940293|1193351796|1|14|3|1|2750387156|988019|2016-08-16 15:19:08|(-9.8811904E+003,0.0000000E+000,1)|(9.6180000E+003,1.9334000E+004,1000)|0001-01-01 00:00:00|0|0|20|3|3.42521746408802688E+001|M|0|-1|0|0|empty|empty
6423927512735940293|1193351796|2|6|3|1|2750387156|988019|2016-08-16 15:19:08|(-9.8811904E+003,0.0000000E+000,1)|(9.6180000E+003,1.9334000E+004,1000)|0001-01-01 00:00:00|0|0|20|3|3.42521746408802688E+001|M|0|-1|0|0|empty|empty
6423927512735940293|1193351802|0|8|3|1|2750387156|997903|2016-08-16 16:18:00|(203,8,1)|(239999919,5999999,11999997)|0001-01-01 00:00:00|0|0|19|3|0.00000000000000000E+000|M|0|-1|0|0|empty|empty
6423927512735940293|1193351802|1|5|3|1|2750387156|997903|2016-08-16 16:18:00|(203,8,1)|(239999919,5999999,11999997)|0001-01-01 00:00:00|0|0|19|3|0.00000000000000000E+000|M|0|-1|0|0|empty|empty
6423927512735940293|1193351802|2|2|3|1|2750387156|997903|2016-08-16 16:18:00|(203,8,1)|(239999919,5999999,11999997)|0001-01-01 00:00:00|0|0|19|3|0.00000000000000000E+000|M|0|-1|0|0|empty|empty
6423927512735940293|1193351807|0|8|2|1|2750387156|997768|2016-08-16 16:19:23|(88,30)|(239999969,11999977)|0001-01-01 00:00:00|0|0|30|3|0.00000000000000000E+000|M|0|-1|0|0|empty|empty
6423927512735940293|1193351807|1|2|2|1|2750387156|997768|2016-08-16 16:19:23|(88,30)|(239999969,11999977)|0001-01-01 00:00:00|0|0|30|3|0.00000000000000000E+000|M|0|-1|0|0|empty|empty
6423927512735940293|1193351812|0|6|2|1|2750387156|994949|2016-08-16 16:20:47|(1,1)|(1000,299999)|0001-01-01 00:00:00|0|0|30|3|0.00000000000000000E+000|M|0|-1|0|0|empty|empty
6423927512735940293|1193351812|1|1|2|1|2750387156|994949|2016-08-16 16:20:47|(1,1)|(1000,299999)|0001-01-01 00:00:00|0|0|30|3|0.00000000000000000E+000|M|0|-1|0|0|empty|empty
