1920329515075230293|235522431|0|0|0|('N')|.000|0|0|0|0|()|empty
1920329515075230293|235522431|1|72684|1|('N')|.000|72684|0|0|0|('N')|empty
1920329515075230293|235522431|2|365|1|('Y')|.000|365|0|0|0|('Y')|empty
1920329515075230293|235522436|0|0|0|('N')|.000|0|0|0|0|()|empty
1920329515075230293|235522436|1|72958|1|('N')|.000|72958|0|0|0|('N')|empty
1920329515075230293|235522436|2|91|1|('Y')|.000|91|0|0|0|('Y')|empty
1920329515075230293|235522441|0|0|0|('N')|.000|0|0|0|0|()|empty
1920329515075230293|235522441|1|73018|1|('N')|.000|73018|0|0|0|('N')|empty
1920329515075230293|235522441|2|31|1|('Y')|.000|31|0|0|0|('Y')|empty
1920329515075230293|235522446|0|0|0|('N')|.000|0|0|0|0|()|empty
1920329515075230293|235522446|1|73049|1|('N')|.000|73049|0|0|0|('N')|empty
1920329515075230293|235522451|0|0|0|('N')|.000|0|0|0|0|()|empty
1920329515075230293|235522451|1|73049|1|('N')|.000|73049|0|0|0|('N')|empty
1920329515075230293|235522456|0|0|0|(2414930)|.000|0|0|0|0|()|empty
1920329515075230293|235522456|1|89|89|(2415018)|.000|1|1|0|0|(2414930)|empty
1920329515075230293|235522456|2|1|1|(2415021)|.000|1|0|0|0|(2415021)|empty
1920329515075230293|235522456|3|364|362|(2415383)|.074|2|2|0|0|(2415111)|empty
1920329515075230293|235522456|4|1|1|(2415386)|.000|1|0|0|0|(2415386)|empty
1920329515075230293|235522456|5|364|362|(2415748)|.074|2|2|0|0|(2415476)|empty
1920329515075230293|235522456|6|1|1|(2415751)|.000|1|0|0|0|(2415751)|empty
1920329515075230293|235522456|7|364|362|(2416113)|.074|2|2|0|0|(2415841)|empty
1920329515075230293|235522456|8|1|1|(2416116)|.000|1|0|0|0|(2416116)|empty
1920329515075230293|235522456|9|730|727|(2416844)|.064|2|2|0|0|(2416663)|empty
1920329515075230293|235522456|10|1|1|(2416847)|.000|1|0|0|0|(2416847)|empty
1920329515075230293|235522456|11|1654|1645|(2418499)|.073|2|2|0|0|(2416937)|empty
1920329515075230293|235522456|12|1654|1647|(2420155)|.065|2|2|0|0|(2418763)|empty
1920329515075230293|235522456|13|1654|1645|(2421807)|.073|2|2|0|0|(2420224)|empty
1920329515075230293|235522456|14|1654|1647|(2423463)|.065|2|2|0|0|(2422050)|empty
1920329515075230293|235522456|15|1654|1645|(2425115)|.073|2|2|0|0|(2423511)|empty
1920329515075230293|235522456|16|1654|1647|(2426770)|.065|2|2|0|0|(2425429)|empty
1920329515075230293|235522456|17|1654|1646|(2428423)|.069|2|2|0|0|(2426890)|empty
1920329515075230293|235522456|18|1654|1647|(2430079)|.065|2|2|0|0|(2428625)|empty
1920329515075230293|235522456|19|1654|1645|(2431731)|.073|2|2|0|0|(2430086)|empty
1920329515075230293|235522456|20|1654|1646|(2433386)|.069|2|2|0|0|(2431912)|empty
1920329515075230293|235522456|21|1654|1646|(2435039)|.069|2|2|0|0|(2433464)|empty
1920329515075230293|235522456|22|1654|1646|(2436694)|.069|2|2|0|0|(2435199)|empty
1920329515075230293|235522456|23|1654|1646|(2438347)|.069|2|2|0|0|(2436751)|empty
1920329515075230293|235522456|24|1654|1647|(2440002)|.065|2|2|0|0|(2438578)|empty
1920329515075230293|235522456|25|1654|1646|(2441655)|.069|2|2|0|0|(2440039)|empty
1920329515075230293|235522456|26|1654|1646|(2443310)|.069|2|2|0|0|(2441774)|empty
1920329515075230293|235522456|27|1654|1646|(2444963)|.069|2|2|0|0|(2443326)|empty
1920329515075230293|235522456|28|1654|1645|(2446617)|.073|2|2|0|0|(2445061)|empty
1920329515075230293|235522456|29|1654|1647|(2448273)|.065|2|2|0|0|(2446887)|empty
1920329515075230293|235522456|30|1654|1645|(2449925)|.073|2|2|0|0|(2448348)|empty
1920329515075230293|235522456|31|1654|1647|(2451580)|.065|2|2|0|0|(2450266)|empty
1920329515075230293|235522456|32|1654|1646|(2453233)|.069|2|2|0|0|(2451727)|empty
1920329515075230293|235522456|33|1654|1647|(2454889)|.065|2|2|0|0|(2453462)|empty
1920329515075230293|235522456|34|1654|1645|(2456541)|.073|2|2|0|0|(2454923)|empty
1920329515075230293|235522456|35|1654|1647|(2458197)|.065|2|2|0|0|(2456749)|empty
1920329515075230293|235522456|36|1654|1645|(2459849)|.073|2|2|0|0|(2458210)|empty
1920329515075230293|235522456|37|1654|1646|(2461504)|.069|2|2|0|0|(2460036)|empty
1920329515075230293|235522456|38|1654|1646|(2463157)|.069|2|2|0|0|(2461588)|empty
1920329515075230293|235522456|39|1654|1647|(2464812)|.065|2|2|0|0|(2463415)|empty
1920329515075230293|235522456|40|1654|1646|(2466465)|.069|2|2|0|0|(2464876)|empty
1920329515075230293|235522456|41|1654|1646|(2468120)|.069|2|2|0|0|(2466611)|empty
1920329515075230293|235522456|42|1654|1646|(2469773)|.069|2|2|0|0|(2468163)|empty
1920329515075230293|235522456|43|1655|1647|(2471429)|.069|2|2|0|0|(2469898)|empty
1920329515075230293|235522456|44|1655|1647|(2473083)|.069|2|2|0|0|(2471450)|empty
1920329515075230293|235522456|45|1655|1646|(2474738)|.073|2|2|0|0|(2473185)|empty
1920329515075230293|235522456|46|1655|1648|(2476394)|.065|2|2|0|0|(2475103)|empty
1920329515075230293|235522456|47|1655|1647|(2478048)|.069|2|2|0|0|(2476564)|empty
1920329515075230293|235522456|48|1655|1648|(2479705)|.065|2|2|0|0|(2478299)|empty
1920329515075230293|235522456|49|1655|1646|(2481358)|.073|2|2|0|0|(2479760)|empty
1920329515075230293|235522456|50|1655|1648|(2483015)|.065|2|2|0|0|(2481586)|empty
1920329515075230293|235522456|51|1655|1646|(2484668)|.073|2|2|0|0|(2483047)|empty
1920329515075230293|235522456|52|1655|1648|(2486325)|.065|2|2|0|0|(2484873)|empty
1920329515075230293|235522456|53|1655|1646|(2487978)|.073|2|2|0|0|(2486334)|empty
1920329515075230293|235522461|0|0|0|(2414657)|.000|0|0|0|0|()|empty
1920329515075230293|235522461|1|1521|1520|(2416176)|.025|2|1|0|0|(2416174)|empty
1920329515075230293|235522461|2|363|363|(2416539)|.000|1|1|0|0|(2416177)|empty
1920329515075230293|235522461|3|1|1|(2416541)|.000|1|0|0|0|(2416541)|empty
1920329515075230293|235522461|4|1460|1459|(2418000)|.026|2|1|0|0|(2417635)|empty
1920329515075230293|235522461|5|1|1|(2418002)|.000|1|0|0|0|(2418002)|empty
1920329515075230293|235522461|6|1460|1459|(2419461)|.026|2|1|0|0|(2419096)|empty
1920329515075230293|235522461|7|1|1|(2419463)|.000|1|0|0|0|(2419463)|empty
1920329515075230293|235522461|8|1460|1459|(2420922)|.026|2|1|0|0|(2420557)|empty
1920329515075230293|235522461|9|1|1|(2420924)|.000|1|0|0|0|(2420924)|empty
1920329515075230293|235522461|10|1460|1459|(2422383)|.026|2|1|0|0|(2422018)|empty
1920329515075230293|235522461|11|1|1|(2422385)|.000|1|0|0|0|(2422385)|empty
1920329515075230293|235522461|12|1484|1483|(2423869)|.025|2|1|0|0|(2423479)|empty
1920329515075230293|235522461|13|1484|1483|(2425353)|.025|2|1|0|0|(2424940)|empty
1920329515075230293|235522461|14|1484|1483|(2426837)|.025|2|1|0|0|(2426401)|empty
1920329515075230293|235522461|15|1484|1483|(2428321)|.025|2|1|0|0|(2427862)|empty
1920329515075230293|235522461|16|1484|1483|(2429805)|.025|2|1|0|0|(2429323)|empty
1920329515075230293|235522461|17|1484|1483|(2431289)|.025|2|1|0|0|(2430784)|empty
1920329515075230293|235522461|18|1484|1483|(2432773)|.025|2|1|0|0|(2432245)|empty
1920329515075230293|235522461|19|1484|1483|(2434257)|.025|2|1|0|0|(2433706)|empty
1920329515075230293|235522461|20|1484|1483|(2435741)|.025|2|1|0|0|(2435167)|empty
1920329515075230293|235522461|21|1484|1483|(2437225)|.025|2|1|0|0|(2436628)|empty
1920329515075230293|235522461|22|1484|1483|(2438709)|.025|2|1|0|0|(2438089)|empty
1920329515075230293|235522461|23|1484|1483|(2440193)|.025|2|1|0|0|(2439550)|empty
1920329515075230293|235522461|24|1484|1483|(2441677)|.025|2|1|0|0|(2441011)|empty
1920329515075230293|235522461|25|1484|1483|(2443161)|.025|2|1|0|0|(2442472)|empty
1920329515075230293|235522461|26|1484|1483|(2444645)|.025|2|1|0|0|(2443933)|empty
1920329515075230293|235522461|27|1484|1483|(2446129)|.025|2|1|0|0|(2445394)|empty
1920329515075230293|235522461|28|1484|1483|(2447613)|.025|2|1|0|0|(2446855)|empty
1920329515075230293|235522461|29|1484|1483|(2449097)|.025|2|1|0|0|(2448316)|empty
1920329515075230293|235522461|30|1484|1483|(2450581)|.025|2|1|0|0|(2449777)|empty
1920329515075230293|235522461|31|1484|1483|(2452065)|.025|2|1|0|0|(2451238)|empty
1920329515075230293|235522461|32|1485|1484|(2453550)|.025|2|1|0|0|(2452699)|empty
1920329515075230293|235522461|33|1485|1484|(2455035)|.025|2|1|0|0|(2454160)|empty
1920329515075230293|235522461|34|1485|1484|(2456520)|.025|2|1|0|0|(2455621)|empty
1920329515075230293|235522461|35|1485|1484|(2458005)|.025|2|1|0|0|(2457082)|empty
1920329515075230293|235522461|36|1485|1484|(2459490)|.025|2|1|0|0|(2458543)|empty
1920329515075230293|235522461|37|1485|1484|(2460975)|.025|2|1|0|0|(2460004)|empty
1920329515075230293|235522461|38|1485|1484|(2462460)|.025|2|1|0|0|(2461465)|empty
1920329515075230293|235522461|39|1485|1484|(2463945)|.025|2|1|0|0|(2462926)|empty
1920329515075230293|235522461|40|1485|1484|(2465430)|.025|2|1|0|0|(2464387)|empty
1920329515075230293|235522461|41|1485|1484|(2466915)|.025|2|1|0|0|(2465848)|empty
1920329515075230293|235522461|42|1485|1484|(2468400)|.025|2|1|0|0|(2467309)|empty
1920329515075230293|235522461|43|1485|1484|(2469885)|.025|2|1|0|0|(2468770)|empty
1920329515075230293|235522461|44|1485|1484|(2471370)|.025|2|1|0|0|(2470231)|empty
1920329515075230293|235522461|45|1485|1484|(2472855)|.025|2|1|0|0|(2471692)|empty
1920329515075230293|235522461|46|1485|1484|(2474340)|.025|2|1|0|0|(2473153)|empty
1920329515075230293|235522461|47|1485|1484|(2475825)|.025|2|1|0|0|(2474614)|empty
1920329515075230293|235522461|48|1485|1484|(2477310)|.025|2|1|0|0|(2476075)|empty
1920329515075230293|235522461|49|1485|1484|(2478795)|.025|2|1|0|0|(2477536)|empty
1920329515075230293|235522461|50|1485|1484|(2480280)|.025|2|1|0|0|(2478997)|empty
1920329515075230293|235522461|51|1485|1484|(2481765)|.025|2|1|0|0|(2480458)|empty
1920329515075230293|235522461|52|1485|1484|(2483250)|.025|2|1|0|0|(2481919)|empty
1920329515075230293|235522461|53|1485|1484|(2484735)|.025|2|1|0|0|(2483380)|empty
1920329515075230293|235522461|54|1485|1484|(2486220)|.025|2|1|0|0|(2484841)|empty
1920329515075230293|235522461|55|1485|1484|(2487705)|.025|2|1|0|0|(2486302)|empty
1920329515075230293|235522466|0|0|0|(2415020)|.000|0|0|0|0|()|empty
1920329515075230293|235522466|1|30|1|(2415020)|.000|30|0|0|0|(2415020)|empty
1920329515075230293|235522466|2|28|1|(2415082)|.000|28|0|0|0|(2415082)|empty
1920329515075230293|235522466|3|31|1|(2415139)|.000|31|0|0|0|(2415139)|empty
1920329515075230293|235522466|4|30|1|(2415201)|.000|30|0|0|0|(2415201)|empty
1920329515075230293|235522466|5|31|1|(2415261)|.000|31|0|0|0|(2415261)|empty
1920329515075230293|235522466|6|30|1|(2415323)|.000|30|0|0|0|(2415323)|empty
1920329515075230293|235522466|7|31|1|(2415383)|.000|31|0|0|0|(2415383)|empty
1920329515075230293|235522466|8|1492|49|(2416846)|.809|31|31|0|0|(2415385)|empty
1920329515075230293|235522466|9|1492|49|(2418367)|.809|31|31|0|0|(2416906)|empty
1920329515075230293|235522466|10|1489|49|(2419830)|.876|31|31|0|0|(2418425)|empty
1920329515075230293|235522466|11|1492|49|(2421347)|.809|31|31|0|0|(2419886)|empty
1920329515075230293|235522466|12|1491|49|(2422812)|.808|31|31|0|0|(2421411)|empty
1920329515075230293|235522466|13|1491|49|(2424331)|.808|31|31|0|0|(2422872)|empty
1920329515075230293|235522466|14|1492|49|(2425794)|.809|31|31|0|0|(2424333)|empty
1920329515075230293|235522466|15|1492|49|(2427313)|.809|31|31|0|0|(2425852)|empty
1920329515075230293|235522466|16|1521|50|(2428836)|.802|31|31|0|0|(2427377)|empty
1920329515075230293|235522466|17|1492|49|(2430299)|.809|31|31|0|0|(2428838)|empty
1920329515075230293|235522466|18|1523|50|(2431821)|.805|31|31|0|0|(2430357)|empty
1920329515075230293|235522466|19|1520|50|(2433344)|.871|31|31|0|0|(2431880)|empty
1920329515075230293|235522466|20|1522|50|(2434864)|.803|31|31|0|0|(2433400)|empty
1920329515075230293|235522466|21|1522|50|(2436385)|.803|31|31|0|0|(2434924)|empty
1920329515075230293|235522466|22|1522|50|(2437908)|.803|31|31|0|0|(2436444)|empty
1920329515075230293|235522466|23|1522|50|(2439429)|.803|31|31|0|0|(2437968)|empty
1920329515075230293|235522466|24|1523|50|(2440952)|.805|31|31|0|0|(2439488)|empty
1920329515075230293|235522466|25|1520|50|(2442475)|.871|31|31|0|0|(2441011)|empty
1920329515075230293|235522466|26|1522|50|(2443995)|.803|31|31|0|0|(2442531)|empty
1920329515075230293|235522466|27|1522|50|(2445516)|.803|31|31|0|0|(2444055)|empty
1920329515075230293|235522466|28|1522|50|(2447039)|.803|31|31|0|0|(2445575)|empty
1920329515075230293|235522466|29|1522|50|(2448560)|.803|31|31|0|0|(2447099)|empty
1920329515075230293|235522466|30|1523|50|(2450083)|.805|31|31|0|0|(2448619)|empty
1920329515075230293|235522466|31|1521|50|(2451606)|.826|31|31|0|0|(2450142)|empty
1920329515075230293|235522466|32|1522|50|(2453126)|.803|31|31|0|0|(2451664)|empty
1920329515075230293|235522466|33|1522|50|(2454648)|.803|31|31|0|0|(2453186)|empty
1920329515075230293|235522466|34|1522|50|(2456170)|.803|31|31|0|0|(2454708)|empty
1920329515075230293|235522466|35|1522|50|(2457692)|.803|31|31|0|0|(2456230)|empty
1920329515075230293|235522466|36|1523|50|(2459215)|.805|31|31|0|0|(2457752)|empty
1920329515075230293|235522466|37|1520|50|(2460738)|.871|31|31|0|0|(2459275)|empty
1920329515075230293|235522466|38|1522|50|(2462259)|.803|31|31|0|0|(2460794)|empty
1920329515075230293|235522466|39|1522|50|(2463780)|.803|31|31|0|0|(2462319)|empty
1920329515075230293|235522466|40|1522|50|(2465303)|.803|31|31|0|0|(2463838)|empty
1920329515075230293|235522466|41|1522|50|(2466824)|.803|31|31|0|0|(2465363)|empty
1920329515075230293|235522466|42|1523|50|(2468346)|.805|31|31|0|0|(2466882)|empty
1920329515075230293|235522466|43|1520|50|(2469869)|.871|31|31|0|0|(2468405)|empty
1920329515075230293|235522466|44|1522|50|(2471389)|.803|31|31|0|0|(2469925)|empty
1920329515075230293|235522466|45|1522|50|(2472910)|.803|31|31|0|0|(2471449)|empty
1920329515075230293|235522466|46|1522|50|(2474433)|.803|31|31|0|0|(2472969)|empty
1920329515075230293|235522466|47|1522|50|(2475954)|.803|31|31|0|0|(2474493)|empty
1920329515075230293|235522466|48|1523|50|(2477477)|.805|31|31|0|0|(2476013)|empty
1920329515075230293|235522466|49|1520|50|(2479000)|.871|31|31|0|0|(2477536)|empty
1920329515075230293|235522466|50|1522|50|(2480520)|.803|31|31|0|0|(2479056)|empty
1920329515075230293|235522466|51|1522|50|(2482041)|.803|31|31|0|0|(2480580)|empty
1920329515075230293|235522466|52|1522|50|(2483564)|.803|31|31|0|0|(2482100)|empty
1920329515075230293|235522466|53|1522|50|(2485085)|.803|31|31|0|0|(2483624)|empty
1920329515075230293|235522466|54|1523|50|(2486608)|.805|31|31|0|0|(2485144)|empty
1920329515075230293|235522466|55|1462|49|(2488128)|4.239|31|31|0|0|(2486667)|empty
1920329515075230293|235522466|56|30|1|(2488190)|.000|30|0|0|0|(2488190)|empty
1920329515075230293|235522466|57|31|1|(2488250)|.000|31|0|0|0|(2488250)|empty
1920329515075230293|235522466|58|30|1|(2488312)|.000|30|0|0|0|(2488312)|empty
1920329515075230293|235522466|59|31|1|(2488372)|.000|31|0|0|0|(2488372)|empty
1920329515075230293|235522471|0|0|0|(2415021)|.000|0|0|0|0|()|empty
1920329515075230293|235522471|1|1519|50|(2416512)|.869|31|31|0|0|(2415080)|empty
1920329515075230293|235522471|2|1492|49|(2418002)|.809|31|31|0|0|(2416541)|empty
1920329515075230293|235522471|3|1522|50|(2419524)|.803|31|31|0|0|(2418063)|empty
1920329515075230293|235522471|4|1522|50|(2421046)|.803|31|31|0|0|(2419585)|empty
1920329515075230293|235522471|5|1522|50|(2422569)|.803|31|31|0|0|(2421077)|empty
1920329515075230293|235522471|6|1522|50|(2424091)|.803|31|31|0|0|(2422599)|empty
1920329515075230293|235522471|7|1492|49|(2425582)|.809|31|31|0|0|(2424121)|empty
1920329515075230293|235522471|8|1520|50|(2427105)|.871|31|31|0|0|(2425613)|empty
1920329515075230293|235522471|9|1522|50|(2428625)|.803|31|31|0|0|(2427133)|empty
1920329515075230293|235522471|10|1522|50|(2430147)|.803|31|31|0|0|(2428655)|empty
1920329515075230293|235522471|11|1523|50|(2431669)|.805|31|31|0|0|(2430177)|empty
1920329515075230293|235522471|12|1522|50|(2433191)|.803|31|31|0|0|(2431730)|empty
1920329515075230293|235522471|13|1522|50|(2434713)|.803|31|31|0|0|(2433252)|empty
1920329515075230293|235522471|14|1520|50|(2436236)|.871|31|31|0|0|(2434744)|empty
1920329515075230293|235522471|15|1522|50|(2437756)|.803|31|31|0|0|(2436264)|empty
1920329515075230293|235522471|16|1522|50|(2439278)|.803|31|31|0|0|(2437786)|empty
1920329515075230293|235522471|17|1523|50|(2440800)|.805|31|31|0|0|(2439308)|empty
1920329515075230293|235522471|18|1522|50|(2442322)|.803|31|31|0|0|(2440861)|empty
1920329515075230293|235522471|19|1522|50|(2443844)|.803|31|31|0|0|(2442383)|empty
1920329515075230293|235522471|20|1520|50|(2445367)|.871|31|31|0|0|(2443875)|empty
1920329515075230293|235522471|21|1522|50|(2446887)|.803|31|31|0|0|(2445395)|empty
1920329515075230293|235522471|22|1522|50|(2448409)|.803|31|31|0|0|(2446917)|empty
1920329515075230293|235522471|23|1523|50|(2449931)|.805|31|31|0|0|(2448439)|empty
1920329515075230293|235522471|24|1522|50|(2451453)|.803|31|31|0|0|(2449992)|empty
1920329515075230293|235522471|25|1522|50|(2452975)|.803|31|31|0|0|(2451514)|empty
1920329515075230293|235522471|26|1521|50|(2454498)|.826|31|31|0|0|(2453006)|empty
1920329515075230293|235522471|27|1522|50|(2456019)|.803|31|31|0|0|(2454527)|empty
1920329515075230293|235522471|28|1522|50|(2457541)|.803|31|31|0|0|(2456049)|empty
1920329515075230293|235522471|29|1523|50|(2459063)|.805|31|31|0|0|(2457571)|empty
1920329515075230293|235522471|30|1522|50|(2460585)|.803|31|31|0|0|(2459124)|empty
1920329515075230293|235522471|31|1522|50|(2462107)|.803|31|31|0|0|(2460646)|empty
1920329515075230293|235522471|32|1520|50|(2463630)|.871|31|31|0|0|(2462138)|empty
1920329515075230293|235522471|33|1522|50|(2465150)|.803|31|31|0|0|(2463658)|empty
1920329515075230293|235522471|34|1522|50|(2466672)|.803|31|31|0|0|(2465180)|empty
1920329515075230293|235522471|35|1523|50|(2468194)|.805|31|31|0|0|(2466702)|empty
1920329515075230293|235522471|36|1522|50|(2469716)|.803|31|31|0|0|(2468255)|empty
1920329515075230293|235522471|37|1522|50|(2471238)|.803|31|31|0|0|(2469777)|empty
1920329515075230293|235522471|38|1520|50|(2472761)|.871|31|31|0|0|(2471269)|empty
1920329515075230293|235522471|39|1522|50|(2474281)|.803|31|31|0|0|(2472789)|empty
1920329515075230293|235522471|40|1522|50|(2475803)|.803|31|31|0|0|(2474311)|empty
1920329515075230293|235522471|41|1523|50|(2477325)|.805|31|31|0|0|(2475833)|empty
1920329515075230293|235522471|42|1522|50|(2478847)|.803|31|31|0|0|(2477386)|empty
1920329515075230293|235522471|43|1522|50|(2480369)|.803|31|31|0|0|(2478908)|empty
1920329515075230293|235522471|44|1520|50|(2481892)|.871|31|31|0|0|(2480400)|empty
1920329515075230293|235522471|45|1522|50|(2483412)|.803|31|31|0|0|(2481920)|empty
1920329515075230293|235522471|46|1522|50|(2484934)|.803|31|31|0|0|(2483442)|empty
1920329515075230293|235522471|47|1553|51|(2486487)|.799|31|31|0|0|(2484964)|empty
1920329515075230293|235522471|48|1554|52|(2488070)|4.121|31|31|0|0|(2486517)|empty
1920329515075230293|235522476|0|0|0|('N')|.000|0|0|0|0|()|empty
1920329515075230293|235522476|1|72399|1|('N')|.000|72399|0|0|0|('N')|empty
1920329515075230293|235522476|2|650|1|('Y')|.000|650|0|0|0|('Y')|empty
1920329515075230293|235522481|0|0|0|('N')|.000|0|0|0|0|()|empty
1920329515075230293|235522481|1|52179|1|('N')|.000|52179|0|0|0|('N')|empty
1920329515075230293|235522481|2|20870|1|('Y')|.000|20870|0|0|0|('Y')|empty
1920329515075230293|235522486|0|0|0|('N')|.000|0|0|0|0|()|empty
1920329515075230293|235522486|1|72399|1|('N')|.000|72399|0|0|0|('N')|empty
1920329515075230293|235522486|2|650|1|('Y')|.000|650|0|0|0|('Y')|empty
1920329515075230293|235522491|0|0|0|('1900Q1')|.000|0|0|0|0|()|empty
1920329515075230293|235522491|1|1094|12|('1902Q4')|.799|92|92|0|0|('1900Q3')|empty
1920329515075230293|235522491|2|1096|12|('1905Q4')|.471|92|92|0|0|('1903Q3')|empty
1920329515075230293|235522491|3|1096|12|('1908Q4')|.471|92|92|0|0|('1906Q3')|empty
1920329515075230293|235522491|4|1095|12|('1911Q4')|.433|92|92|0|0|('1909Q3')|empty
1920329515075230293|235522491|5|1096|12|('1914Q4')|.471|92|92|0|0|('1912Q3')|empty
1920329515075230293|235522491|6|1096|12|('1917Q4')|.471|92|92|0|0|('1915Q3')|empty
1920329515075230293|235522491|7|1187|13|('1921Q1')|.461|92|92|0|0|('1918Q3')|empty
1920329515075230293|235522491|8|1186|13|('1924Q2')|.421|92|92|0|0|('1921Q3')|empty
1920329515075230293|235522491|9|1096|12|('1927Q2')|.471|92|92|0|0|('1924Q3')|empty
1920329515075230293|235522491|10|1188|13|('1930Q3')|.486|92|92|0|0|('1927Q3')|empty
1920329515075230293|235522491|11|1187|13|('1933Q4')|.461|92|92|0|0|('1931Q3')|empty
1920329515075230293|235522491|12|1187|13|('1937Q1')|.461|92|92|0|0|('1934Q3')|empty
1920329515075230293|235522491|13|1186|13|('1940Q2')|.421|92|92|0|0|('1937Q3')|empty
1920329515075230293|235522491|14|1188|13|('1943Q3')|.486|92|92|0|0|('1940Q3')|empty
1920329515075230293|235522491|15|1187|13|('1946Q4')|.461|92|92|0|0|('1944Q3')|empty
1920329515075230293|235522491|16|1187|13|('1950Q1')|.461|92|92|0|0|('1947Q3')|empty
1920329515075230293|235522491|17|1187|13|('1953Q2')|.461|92|92|0|0|('1950Q3')|empty
1920329515075230293|235522491|18|1187|13|('1956Q3')|.461|92|92|0|0|('1953Q3')|empty
1920329515075230293|235522491|19|1187|13|('1959Q4')|.461|92|92|0|0|('1956Q4')|empty
1920329515075230293|235522491|20|1187|13|('1963Q1')|.461|92|92|0|0|('1960Q3')|empty
1920329515075230293|235522491|21|1187|13|('1966Q2')|.461|92|92|0|0|('1963Q3')|empty
1920329515075230293|235522491|22|1188|13|('1969Q3')|.486|92|92|0|0|('1966Q3')|empty
1920329515075230293|235522491|23|1187|13|('1972Q4')|.461|92|92|0|0|('1970Q3')|empty
1920329515075230293|235522491|24|1186|13|('1976Q1')|.421|92|92|0|0|('1973Q3')|empty
1920329515075230293|235522491|25|1187|13|('1979Q2')|.461|92|92|0|0|('1976Q3')|empty
1920329515075230293|235522491|26|1188|13|('1982Q3')|.486|92|92|0|0|('1979Q3')|empty
1920329515075230293|235522491|27|1187|13|('1985Q4')|.461|92|92|0|0|('1983Q3')|empty
1920329515075230293|235522491|28|1187|13|('1989Q1')|.461|92|92|0|0|('1986Q3')|empty
1920329515075230293|235522491|29|1186|13|('1992Q2')|.421|92|92|0|0|('1989Q3')|empty
1920329515075230293|235522491|30|1188|13|('1995Q3')|.486|92|92|0|0|('1992Q3')|empty
1920329515075230293|235522491|31|1187|13|('1998Q4')|.461|92|92|0|0|('1996Q3')|empty
1920329515075230293|235522491|32|1187|13|('2002Q1')|.461|92|92|0|0|('1999Q3')|empty
1920329515075230293|235522491|33|1187|13|('2005Q2')|.461|92|92|0|0|('2002Q3')|empty
1920329515075230293|235522491|34|1187|13|('2008Q3')|.461|92|92|0|0|('2005Q3')|empty
1920329515075230293|235522491|35|1187|13|('2011Q4')|.461|92|92|0|0|('2008Q4')|empty
1920329515075230293|235522491|36|1187|13|('2015Q1')|.461|92|92|0|0|('2012Q3')|empty
1920329515075230293|235522491|37|1187|13|('2018Q2')|.461|92|92|0|0|('2015Q3')|empty
1920329515075230293|235522491|38|1188|13|('2021Q3')|.486|92|92|0|0|('2018Q3')|empty
1920329515075230293|235522491|39|1187|13|('2024Q4')|.461|92|92|0|0|('2022Q3')|empty
1920329515075230293|235522491|40|1186|13|('2028Q1')|.421|92|92|0|0|('2025Q3')|empty
1920329515075230293|235522491|41|1187|13|('2031Q2')|.461|92|92|0|0|('2028Q3')|empty
1920329515075230293|235522491|42|1188|13|('2034Q3')|.486|92|92|0|0|('2031Q3')|empty
1920329515075230293|235522491|43|1187|13|('2037Q4')|.461|92|92|0|0|('2035Q3')|empty
1920329515075230293|235522491|44|1187|13|('2041Q1')|.461|92|92|0|0|('2038Q3')|empty
1920329515075230293|235522491|45|1186|13|('2044Q2')|.421|92|92|0|0|('2041Q3')|empty
1920329515075230293|235522491|46|1188|13|('2047Q3')|.486|92|92|0|0|('2044Q3')|empty
1920329515075230293|235522491|47|1187|13|('2050Q4')|.461|92|92|0|0|('2048Q3')|empty
1920329515075230293|235522491|48|1187|13|('2054Q1')|.461|92|92|0|0|('2051Q3')|empty
1920329515075230293|235522491|49|1187|13|('2057Q2')|.461|92|92|0|0|('2054Q3')|empty
1920329515075230293|235522491|50|1187|13|('2060Q3')|.461|92|92|0|0|('2057Q3')|empty
1920329515075230293|235522491|51|1187|13|('2063Q4')|.461|92|92|0|0|('2060Q4')|empty
1920329515075230293|235522491|52|1187|13|('2067Q1')|.461|92|92|0|0|('2064Q3')|empty
1920329515075230293|235522491|53|1187|13|('2070Q2')|.461|92|92|0|0|('2067Q3')|empty
1920329515075230293|235522491|54|1188|13|('2073Q3')|.486|92|92|0|0|('2070Q3')|empty
1920329515075230293|235522491|55|1187|13|('2076Q4')|.461|92|92|0|0|('2074Q3')|empty
1920329515075230293|235522491|56|1186|13|('2080Q1')|.421|92|92|0|0|('2077Q3')|empty
1920329515075230293|235522491|57|1187|13|('2083Q2')|.461|92|92|0|0|('2080Q3')|empty
1920329515075230293|235522491|58|1188|13|('2086Q3')|.486|92|92|0|0|('2083Q3')|empty
1920329515075230293|235522491|59|1187|13|('2089Q4')|.461|92|92|0|0|('2087Q3')|empty
1920329515075230293|235522491|60|1187|13|('2093Q1')|.461|92|92|0|0|('2090Q3')|empty
1920329515075230293|235522491|61|1186|13|('2096Q2')|.421|92|92|0|0|('2093Q3')|empty
1920329515075230293|235522491|62|1280|15|('2100Q1')|22.543|92|92|0|0|('2096Q3')|empty
1920329515075230293|235522496|0|0|0|('Friday')|.000|0|0|0|0|()|empty
1920329515075230293|235522496|1|10435|1|('Friday')|.000|10435|0|0|0|('Friday')|empty
1920329515075230293|235522496|2|10436|1|('Monday')|.000|10436|0|0|0|('Monday')|empty
1920329515075230293|235522496|3|10435|1|('Saturday')|.000|10435|0|0|0|('Saturday')|empty
1920329515075230293|235522496|4|10435|1|('Sunday')|.000|10435|0|0|0|('Sunday')|empty
1920329515075230293|235522496|5|10437|1|('Thursday')|.000|10437|0|0|0|('Thursday')|empty
1920329515075230293|235522496|6|10436|1|('Tuesday')|.000|10436|0|0|0|('Tuesday')|empty
1920329515075230293|235522496|7|10435|1|('Wednesday')|.000|10435|0|0|0|('Wednesday')|empty
1920329515075230293|235522501|0|0|0|(1)|.000|0|0|0|0|()|empty
1920329515075230293|235522501|1|1519|217|(217)|.000|7|7|0|0|(1)|empty
1920329515075230293|235522501|2|1519|217|(434)|.000|7|7|0|0|(218)|empty
1920329515075230293|235522501|3|1519|217|(651)|.000|7|7|0|0|(435)|empty
1920329515075230293|235522501|4|1519|217|(868)|.000|7|7|0|0|(652)|empty
1920329515075230293|235522501|5|1519|217|(1085)|.000|7|7|0|0|(869)|empty
1920329515075230293|235522501|6|1519|217|(1302)|.000|7|7|0|0|(1086)|empty
1920329515075230293|235522501|7|1519|217|(1519)|.000|7|7|0|0|(1303)|empty
1920329515075230293|235522501|8|1519|217|(1736)|.000|7|7|0|0|(1520)|empty
1920329515075230293|235522501|9|1519|217|(1953)|.000|7|7|0|0|(1737)|empty
1920329515075230293|235522501|10|1519|217|(2170)|.000|7|7|0|0|(1954)|empty
1920329515075230293|235522501|11|1519|217|(2387)|.000|7|7|0|0|(2171)|empty
1920329515075230293|235522501|12|1519|217|(2604)|.000|7|7|0|0|(2388)|empty
1920329515075230293|235522501|13|1519|217|(2821)|.000|7|7|0|0|(2605)|empty
1920329515075230293|235522501|14|1519|217|(3038)|.000|7|7|0|0|(2822)|empty
1920329515075230293|235522501|15|1519|217|(3255)|.000|7|7|0|0|(3039)|empty
1920329515075230293|235522501|16|1519|217|(3472)|.000|7|7|0|0|(3256)|empty
1920329515075230293|235522501|17|1519|217|(3689)|.000|7|7|0|0|(3473)|empty
1920329515075230293|235522501|18|1519|217|(3906)|.000|7|7|0|0|(3690)|empty
1920329515075230293|235522501|19|1519|217|(4123)|.000|7|7|0|0|(3907)|empty
1920329515075230293|235522501|20|1519|217|(4340)|.000|7|7|0|0|(4124)|empty
1920329515075230293|235522501|21|1519|217|(4557)|.000|7|7|0|0|(4341)|empty
1920329515075230293|235522501|22|1519|217|(4774)|.000|7|7|0|0|(4558)|empty
1920329515075230293|235522501|23|1519|217|(4991)|.000|7|7|0|0|(4775)|empty
1920329515075230293|235522501|24|1519|217|(5208)|.000|7|7|0|0|(4992)|empty
1920329515075230293|235522501|25|1519|217|(5425)|.000|7|7|0|0|(5209)|empty
1920329515075230293|235522501|26|1519|217|(5642)|.000|7|7|0|0|(5426)|empty
1920329515075230293|235522501|27|1519|217|(5859)|.000|7|7|0|0|(5643)|empty
1920329515075230293|235522501|28|1519|217|(6076)|.000|7|7|0|0|(5860)|empty
1920329515075230293|235522501|29|1519|217|(6293)|.000|7|7|0|0|(6077)|empty
1920329515075230293|235522501|30|1526|218|(6511)|.000|7|7|0|0|(6294)|empty
1920329515075230293|235522501|31|1526|218|(6729)|.000|7|7|0|0|(6512)|empty
1920329515075230293|235522501|32|1526|218|(6947)|.000|7|7|0|0|(6730)|empty
1920329515075230293|235522501|33|1526|218|(7165)|.000|7|7|0|0|(6948)|empty
1920329515075230293|235522501|34|1526|218|(7383)|.000|7|7|0|0|(7166)|empty
1920329515075230293|235522501|35|1526|218|(7601)|.000|7|7|0|0|(7384)|empty
1920329515075230293|235522501|36|1526|218|(7819)|.000|7|7|0|0|(7602)|empty
1920329515075230293|235522501|37|1526|218|(8037)|.000|7|7|0|0|(7820)|empty
1920329515075230293|235522501|38|1526|218|(8255)|.000|7|7|0|0|(8038)|empty
1920329515075230293|235522501|39|1526|218|(8473)|.000|7|7|0|0|(8256)|empty
1920329515075230293|235522501|40|1526|218|(8691)|.000|7|7|0|0|(8474)|empty
1920329515075230293|235522501|41|1526|218|(8909)|.000|7|7|0|0|(8692)|empty
1920329515075230293|235522501|42|1526|218|(9127)|.000|7|7|0|0|(8910)|empty
1920329515075230293|235522501|43|1526|218|(9345)|.000|7|7|0|0|(9128)|empty
1920329515075230293|235522501|44|1526|218|(9563)|.000|7|7|0|0|(9346)|empty
1920329515075230293|235522501|45|1526|218|(9781)|.000|7|7|0|0|(9564)|empty
1920329515075230293|235522501|46|1526|218|(9999)|.000|7|7|0|0|(9782)|empty
1920329515075230293|235522501|47|1526|218|(10217)|.000|7|7|0|0|(10000)|empty
1920329515075230293|235522501|48|1530|219|(10436)|.202|7|7|0|0|(10218)|empty
1920329515075230293|235522506|0|0|0|(1)|.000|0|0|0|0|()|empty
1920329515075230293|235522506|1|1519|17|(17)|7.873|92|92|0|0|(2)|empty
1920329515075230293|235522506|2|1461|16|(33)|.768|92|92|0|0|(18)|empty
1920329515075230293|235522506|3|1461|16|(49)|.768|92|92|0|0|(34)|empty
1920329515075230293|235522506|4|1461|16|(65)|.768|92|92|0|0|(50)|empty
1920329515075230293|235522506|5|1461|16|(81)|.768|92|92|0|0|(66)|empty
1920329515075230293|235522506|6|1461|16|(97)|.768|92|92|0|0|(82)|empty
1920329515075230293|235522506|7|1461|16|(113)|.768|92|92|0|0|(98)|empty
1920329515075230293|235522506|8|1461|16|(129)|.768|92|92|0|0|(114)|empty
1920329515075230293|235522506|9|1461|16|(145)|.768|92|92|0|0|(130)|empty
1920329515075230293|235522506|10|1461|16|(161)|.768|92|92|0|0|(146)|empty
1920329515075230293|235522506|11|1461|16|(177)|.768|92|92|0|0|(162)|empty
1920329515075230293|235522506|12|1461|16|(193)|.768|92|92|0|0|(178)|empty
1920329515075230293|235522506|13|1461|16|(209)|.768|92|92|0|0|(194)|empty
1920329515075230293|235522506|14|1461|16|(225)|.768|92|92|0|0|(210)|empty
1920329515075230293|235522506|15|1461|16|(241)|.768|92|92|0|0|(226)|empty
1920329515075230293|235522506|16|1461|16|(257)|.768|92|92|0|0|(242)|empty
1920329515075230293|235522506|17|1461|16|(273)|.768|92|92|0|0|(258)|empty
1920329515075230293|235522506|18|1553|17|(290)|.762|92|92|0|0|(274)|empty
1920329515075230293|235522506|19|1553|17|(307)|.762|92|92|0|0|(291)|empty
1920329515075230293|235522506|20|1552|17|(324)|.748|92|92|0|0|(310)|empty
1920329515075230293|235522506|21|1551|17|(341)|.806|92|92|0|0|(326)|empty
1920329515075230293|235522506|22|1553|17|(358)|.762|92|92|0|0|(342)|empty
1920329515075230293|235522506|23|1553|17|(375)|.762|92|92|0|0|(359)|empty
1920329515075230293|235522506|24|1552|17|(392)|.748|92|92|0|0|(378)|empty
1920329515075230293|235522506|25|1551|17|(409)|.806|92|92|0|0|(394)|empty
1920329515075230293|235522506|26|1553|17|(426)|.762|92|92|0|0|(410)|empty
1920329515075230293|235522506|27|1553|17|(443)|.762|92|92|0|0|(427)|empty
1920329515075230293|235522506|28|1552|17|(460)|.748|92|92|0|0|(446)|empty
1920329515075230293|235522506|29|1551|17|(477)|.806|92|92|0|0|(462)|empty
1920329515075230293|235522506|30|1553|17|(494)|.762|92|92|0|0|(478)|empty
1920329515075230293|235522506|31|1553|17|(511)|.762|92|92|0|0|(495)|empty
1920329515075230293|235522506|32|1552|17|(528)|.748|92|92|0|0|(514)|empty
1920329515075230293|235522506|33|1552|17|(545)|.748|92|92|0|0|(530)|empty
1920329515075230293|235522506|34|1553|17|(562)|.762|92|92|0|0|(546)|empty
1920329515075230293|235522506|35|1553|17|(579)|.762|92|92|0|0|(563)|empty
1920329515075230293|235522506|36|1552|17|(596)|.748|92|92|0|0|(582)|empty
1920329515075230293|235522506|37|1551|17|(613)|.806|92|92|0|0|(598)|empty
1920329515075230293|235522506|38|1553|17|(630)|.762|92|92|0|0|(614)|empty
1920329515075230293|235522506|39|1553|17|(647)|.762|92|92|0|0|(631)|empty
1920329515075230293|235522506|40|1552|17|(664)|.748|92|92|0|0|(650)|empty
1920329515075230293|235522506|41|1551|17|(681)|.806|92|92|0|0|(666)|empty
1920329515075230293|235522506|42|1553|17|(698)|.762|92|92|0|0|(682)|empty
1920329515075230293|235522506|43|1553|17|(715)|.762|92|92|0|0|(699)|empty
1920329515075230293|235522506|44|1552|17|(732)|.748|92|92|0|0|(718)|empty
1920329515075230293|235522506|45|1551|17|(749)|.806|92|92|0|0|(734)|empty
1920329515075230293|235522506|46|1553|17|(766)|.762|92|92|0|0|(750)|empty
1920329515075230293|235522506|47|1553|17|(783)|.762|92|92|0|0|(767)|empty
1920329515075230293|235522506|48|1584|18|(801)|13.601|92|92|0|0|(786)|empty
1920329515075230293|235522511|0|0|0|(1900)|.000|0|0|0|0|()|empty
1920329515075230293|235522511|1|1459|4|(1903)|.433|365|365|0|0|(1901)|empty
1920329515075230293|235522511|2|366|1|(1904)|.000|366|0|0|0|(1904)|empty
1920329515075230293|235522511|3|1095|3|(1907)|.000|365|365|0|0|(1905)|empty
1920329515075230293|235522511|4|366|1|(1908)|.000|366|0|0|0|(1908)|empty
1920329515075230293|235522511|5|1095|3|(1911)|.000|365|365|0|0|(1909)|empty
1920329515075230293|235522511|6|366|1|(1912)|.000|366|0|0|0|(1912)|empty
1920329515075230293|235522511|7|1095|3|(1915)|.000|365|365|0|0|(1913)|empty
1920329515075230293|235522511|8|366|1|(1916)|.000|366|0|0|0|(1916)|empty
1920329515075230293|235522511|9|1095|3|(1919)|.000|365|365|0|0|(1917)|empty
1920329515075230293|235522511|10|366|1|(1920)|.000|366|0|0|0|(1920)|empty
1920329515075230293|235522511|11|1095|3|(1923)|.000|365|365|0|0|(1921)|empty
1920329515075230293|235522511|12|366|1|(1924)|.000|366|0|0|0|(1924)|empty
1920329515075230293|235522511|13|1095|3|(1927)|.000|365|365|0|0|(1925)|empty
1920329515075230293|235522511|14|366|1|(1928)|.000|366|0|0|0|(1928)|empty
1920329515075230293|235522511|15|1095|3|(1931)|.000|365|365|0|0|(1929)|empty
1920329515075230293|235522511|16|366|1|(1932)|.000|366|0|0|0|(1932)|empty
1920329515075230293|235522511|17|1095|3|(1935)|.000|365|365|0|0|(1933)|empty
1920329515075230293|235522511|18|366|1|(1936)|.000|366|0|0|0|(1936)|empty
1920329515075230293|235522511|19|1095|3|(1939)|.000|365|365|0|0|(1937)|empty
1920329515075230293|235522511|20|366|1|(1940)|.000|366|0|0|0|(1940)|empty
1920329515075230293|235522511|21|1095|3|(1943)|.000|365|365|0|0|(1941)|empty
1920329515075230293|235522511|22|366|1|(1944)|.000|366|0|0|0|(1944)|empty
1920329515075230293|235522511|23|1095|3|(1947)|.000|365|365|0|0|(1945)|empty
1920329515075230293|235522511|24|366|1|(1948)|.000|366|0|0|0|(1948)|empty
1920329515075230293|235522511|25|1095|3|(1951)|.000|365|365|0|0|(1949)|empty
1920329515075230293|235522511|26|366|1|(1952)|.000|366|0|0|0|(1952)|empty
1920329515075230293|235522511|27|1095|3|(1955)|.000|365|365|0|0|(1953)|empty
1920329515075230293|235522511|28|366|1|(1956)|.000|366|0|0|0|(1956)|empty
1920329515075230293|235522511|29|1095|3|(1959)|.000|365|365|0|0|(1957)|empty
1920329515075230293|235522511|30|366|1|(1960)|.000|366|0|0|0|(1960)|empty
1920329515075230293|235522511|31|1095|3|(1963)|.000|365|365|0|0|(1961)|empty
1920329515075230293|235522511|32|366|1|(1964)|.000|366|0|0|0|(1964)|empty
1920329515075230293|235522511|33|1095|3|(1967)|.000|365|365|0|0|(1965)|empty
1920329515075230293|235522511|34|366|1|(1968)|.000|366|0|0|0|(1968)|empty
1920329515075230293|235522511|35|1095|3|(1971)|.000|365|365|0|0|(1969)|empty
1920329515075230293|235522511|36|366|1|(1972)|.000|366|0|0|0|(1972)|empty
1920329515075230293|235522511|37|1095|3|(1975)|.000|365|365|0|0|(1973)|empty
1920329515075230293|235522511|38|366|1|(1976)|.000|366|0|0|0|(1976)|empty
1920329515075230293|235522511|39|1095|3|(1979)|.000|365|365|0|0|(1977)|empty
1920329515075230293|235522511|40|366|1|(1980)|.000|366|0|0|0|(1980)|empty
1920329515075230293|235522511|41|1095|3|(1983)|.000|365|365|0|0|(1981)|empty
1920329515075230293|235522511|42|366|1|(1984)|.000|366|0|0|0|(1984)|empty
1920329515075230293|235522511|43|1095|3|(1987)|.000|365|365|0|0|(1985)|empty
1920329515075230293|235522511|44|366|1|(1988)|.000|366|0|0|0|(1988)|empty
1920329515075230293|235522511|45|1095|3|(1991)|.000|365|365|0|0|(1989)|empty
1920329515075230293|235522511|46|366|1|(1992)|.000|366|0|0|0|(1992)|empty
1920329515075230293|235522511|47|1095|3|(1995)|.000|365|365|0|0|(1993)|empty
1920329515075230293|235522511|48|366|1|(1996)|.000|366|0|0|0|(1996)|empty
1920329515075230293|235522511|49|1095|3|(1999)|.000|365|365|0|0|(1997)|empty
1920329515075230293|235522511|50|366|1|(2000)|.000|366|0|0|0|(2000)|empty
1920329515075230293|235522511|51|1095|3|(2003)|.000|365|365|0|0|(2001)|empty
1920329515075230293|235522511|52|366|1|(2004)|.000|366|0|0|0|(2004)|empty
1920329515075230293|235522511|53|1095|3|(2007)|.000|365|365|0|0|(2005)|empty
1920329515075230293|235522511|54|366|1|(2008)|.000|366|0|0|0|(2008)|empty
1920329515075230293|235522511|55|1095|3|(2011)|.000|365|365|0|0|(2009)|empty
1920329515075230293|235522511|56|366|1|(2012)|.000|366|0|0|0|(2012)|empty
1920329515075230293|235522511|57|1095|3|(2015)|.000|365|365|0|0|(2013)|empty
1920329515075230293|235522511|58|366|1|(2016)|.000|366|0|0|0|(2016)|empty
1920329515075230293|235522511|59|1095|3|(2019)|.000|365|365|0|0|(2017)|empty
1920329515075230293|235522511|60|366|1|(2020)|.000|366|0|0|0|(2020)|empty
1920329515075230293|235522511|61|1095|3|(2023)|.000|365|365|0|0|(2021)|empty
1920329515075230293|235522511|62|366|1|(2024)|.000|366|0|0|0|(2024)|empty
1920329515075230293|235522511|63|1095|3|(2027)|.000|365|365|0|0|(2025)|empty
1920329515075230293|235522511|64|366|1|(2028)|.000|366|0|0|0|(2028)|empty
1920329515075230293|235522511|65|1095|3|(2031)|.000|365|365|0|0|(2029)|empty
1920329515075230293|235522511|66|366|1|(2032)|.000|366|0|0|0|(2032)|empty
1920329515075230293|235522511|67|1095|3|(2035)|.000|365|365|0|0|(2033)|empty
1920329515075230293|235522511|68|366|1|(2036)|.000|366|0|0|0|(2036)|empty
1920329515075230293|235522511|69|1095|3|(2039)|.000|365|365|0|0|(2037)|empty
1920329515075230293|235522511|70|366|1|(2040)|.000|366|0|0|0|(2040)|empty
1920329515075230293|235522511|71|1095|3|(2043)|.000|365|365|0|0|(2041)|empty
1920329515075230293|235522511|72|366|1|(2044)|.000|366|0|0|0|(2044)|empty
1920329515075230293|235522511|73|1095|3|(2047)|.000|365|365|0|0|(2045)|empty
1920329515075230293|235522511|74|366|1|(2048)|.000|366|0|0|0|(2048)|empty
1920329515075230293|235522511|75|1095|3|(2051)|.000|365|365|0|0|(2049)|empty
1920329515075230293|235522511|76|366|1|(2052)|.000|366|0|0|0|(2052)|empty
1920329515075230293|235522511|77|1095|3|(2055)|.000|365|365|0|0|(2053)|empty
1920329515075230293|235522511|78|366|1|(2056)|.000|366|0|0|0|(2056)|empty
1920329515075230293|235522511|79|1095|3|(2059)|.000|365|365|0|0|(2057)|empty
1920329515075230293|235522511|80|366|1|(2060)|.000|366|0|0|0|(2060)|empty
1920329515075230293|235522511|81|1095|3|(2063)|.000|365|365|0|0|(2061)|empty
1920329515075230293|235522511|82|366|1|(2064)|.000|366|0|0|0|(2064)|empty
1920329515075230293|235522511|83|1095|3|(2067)|.000|365|365|0|0|(2065)|empty
1920329515075230293|235522511|84|366|1|(2068)|.000|366|0|0|0|(2068)|empty
1920329515075230293|235522511|85|1095|3|(2071)|.000|365|365|0|0|(2069)|empty
1920329515075230293|235522511|86|366|1|(2072)|.000|366|0|0|0|(2072)|empty
1920329515075230293|235522511|87|1095|3|(2075)|.000|365|365|0|0|(2073)|empty
1920329515075230293|235522511|88|366|1|(2076)|.000|366|0|0|0|(2076)|empty
1920329515075230293|235522511|89|1095|3|(2079)|.000|365|365|0|0|(2077)|empty
1920329515075230293|235522511|90|366|1|(2080)|.000|366|0|0|0|(2080)|empty
1920329515075230293|235522511|91|1095|3|(2083)|.000|365|365|0|0|(2081)|empty
1920329515075230293|235522511|92|366|1|(2084)|.000|366|0|0|0|(2084)|empty
1920329515075230293|235522511|93|1095|3|(2087)|.000|365|365|0|0|(2085)|empty
1920329515075230293|235522511|94|366|1|(2088)|.000|366|0|0|0|(2088)|empty
1920329515075230293|235522511|95|1095|3|(2091)|.000|365|365|0|0|(2089)|empty
1920329515075230293|235522511|96|366|1|(2092)|.000|366|0|0|0|(2092)|empty
1920329515075230293|235522511|97|1095|3|(2095)|.000|365|365|0|0|(2093)|empty
1920329515075230293|235522511|98|366|1|(2096)|.000|366|0|0|0|(2096)|empty
1920329515075230293|235522511|99|1096|4|(2100)|157.616|365|365|0|0|(2097)|empty
1920329515075230293|235522516|0|0|0|(1)|.000|0|0|0|0|()|empty
1920329515075230293|235522516|1|18199|1|(1)|.000|18199|0|0|0|(1)|empty
1920329515075230293|235522516|2|18200|1|(2)|.000|18200|0|0|0|(2)|empty
1920329515075230293|235522516|3|18400|1|(3)|.000|18400|0|0|0|(3)|empty
1920329515075230293|235522516|4|18250|1|(4)|.000|18250|0|0|0|(4)|empty
1920329515075230293|235522521|0|0|0|(1)|.000|0|0|0|0|()|empty
1920329515075230293|235522521|1|2400|1|(1)|.000|2400|0|0|0|(1)|empty
1920329515075230293|235522521|2|2400|1|(2)|.000|2400|0|0|0|(2)|empty
1920329515075230293|235522521|3|2400|1|(3)|.000|2400|0|0|0|(3)|empty
1920329515075230293|235522521|4|2400|1|(4)|.000|2400|0|0|0|(4)|empty
1920329515075230293|235522521|5|2400|1|(5)|.000|2400|0|0|0|(5)|empty
1920329515075230293|235522521|6|2400|1|(6)|.000|2400|0|0|0|(6)|empty
1920329515075230293|235522521|7|2400|1|(7)|.000|2400|0|0|0|(7)|empty
1920329515075230293|235522521|8|2400|1|(8)|.000|2400|0|0|0|(8)|empty
1920329515075230293|235522521|9|2400|1|(9)|.000|2400|0|0|0|(9)|empty
1920329515075230293|235522521|10|2400|1|(10)|.000|2400|0|0|0|(10)|empty
1920329515075230293|235522521|11|2400|1|(11)|.000|2400|0|0|0|(11)|empty
1920329515075230293|235522521|12|2400|1|(12)|.000|2400|0|0|0|(12)|empty
1920329515075230293|235522521|13|2400|1|(13)|.000|2400|0|0|0|(13)|empty
1920329515075230293|235522521|14|2400|1|(14)|.000|2400|0|0|0|(14)|empty
1920329515075230293|235522521|15|2400|1|(15)|.000|2400|0|0|0|(15)|empty
1920329515075230293|235522521|16|2400|1|(16)|.000|2400|0|0|0|(16)|empty
1920329515075230293|235522521|17|2400|1|(17)|.000|2400|0|0|0|(17)|empty
1920329515075230293|235522521|18|2400|1|(18)|.000|2400|0|0|0|(18)|empty
1920329515075230293|235522521|19|2400|1|(19)|.000|2400|0|0|0|(19)|empty
1920329515075230293|235522521|20|2400|1|(20)|.000|2400|0|0|0|(20)|empty
1920329515075230293|235522521|21|2400|1|(21)|.000|2400|0|0|0|(21)|empty
1920329515075230293|235522521|22|2400|1|(22)|.000|2400|0|0|0|(22)|empty
1920329515075230293|235522521|23|2400|1|(23)|.000|2400|0|0|0|(23)|empty
1920329515075230293|235522521|24|2400|1|(24)|.000|2400|0|0|0|(24)|empty
1920329515075230293|235522521|25|2400|1|(25)|.000|2400|0|0|0|(25)|empty
1920329515075230293|235522521|26|2400|1|(26)|.000|2400|0|0|0|(26)|empty
1920329515075230293|235522521|27|2400|1|(27)|.000|2400|0|0|0|(27)|empty
1920329515075230293|235522521|28|2400|1|(28)|.000|2400|0|0|0|(28)|empty
1920329515075230293|235522521|29|2249|1|(29)|.000|2249|0|0|0|(29)|empty
1920329515075230293|235522521|30|2200|1|(30)|.000|2200|0|0|0|(30)|empty
1920329515075230293|235522521|31|1400|1|(31)|.000|1400|0|0|0|(31)|empty
1920329515075230293|235522526|0|0|0|(1)|.000|0|0|0|0|()|empty
1920329515075230293|235522526|1|6200|1|(1)|.000|6200|0|0|0|(1)|empty
1920329515075230293|235522526|2|5649|1|(2)|.000|5649|0|0|0|(2)|empty
1920329515075230293|235522526|3|6200|1|(3)|.000|6200|0|0|0|(3)|empty
1920329515075230293|235522526|4|6000|1|(4)|.000|6000|0|0|0|(4)|empty
1920329515075230293|235522526|5|6200|1|(5)|.000|6200|0|0|0|(5)|empty
1920329515075230293|235522526|6|6000|1|(6)|.000|6000|0|0|0|(6)|empty
1920329515075230293|235522526|7|6200|1|(7)|.000|6200|0|0|0|(7)|empty
1920329515075230293|235522526|8|6200|1|(8)|.000|6200|0|0|0|(8)|empty
1920329515075230293|235522526|9|6000|1|(9)|.000|6000|0|0|0|(9)|empty
1920329515075230293|235522526|10|6200|1|(10)|.000|6200|0|0|0|(10)|empty
1920329515075230293|235522526|11|6000|1|(11)|.000|6000|0|0|0|(11)|empty
1920329515075230293|235522526|12|6200|1|(12)|.000|6200|0|0|0|(12)|empty
1920329515075230293|235522531|0|0|0|(0)|.000|0|0|0|0|()|empty
1920329515075230293|235522531|1|10435|1|(0)|.000|10435|0|0|0|(0)|empty
1920329515075230293|235522531|2|10436|1|(1)|.000|10436|0|0|0|(1)|empty
1920329515075230293|235522531|3|10436|1|(2)|.000|10436|0|0|0|(2)|empty
1920329515075230293|235522531|4|10435|1|(3)|.000|10435|0|0|0|(3)|empty
1920329515075230293|235522531|5|10437|1|(4)|.000|10437|0|0|0|(4)|empty
1920329515075230293|235522531|6|10435|1|(5)|.000|10435|0|0|0|(5)|empty
1920329515075230293|235522531|7|10435|1|(6)|.000|10435|0|0|0|(6)|empty
1920329515075230293|235522536|0|0|0|(1900)|.000|0|0|0|0|()|empty
1920329515075230293|235522536|1|1459|4|(1903)|.433|365|365|0|0|(1901)|empty
1920329515075230293|235522536|2|366|1|(1904)|.000|366|0|0|0|(1904)|empty
1920329515075230293|235522536|3|1095|3|(1907)|.000|365|365|0|0|(1905)|empty
1920329515075230293|235522536|4|366|1|(1908)|.000|366|0|0|0|(1908)|empty
1920329515075230293|235522536|5|1095|3|(1911)|.000|365|365|0|0|(1909)|empty
1920329515075230293|235522536|6|366|1|(1912)|.000|366|0|0|0|(1912)|empty
1920329515075230293|235522536|7|1095|3|(1915)|.000|365|365|0|0|(1913)|empty
1920329515075230293|235522536|8|366|1|(1916)|.000|366|0|0|0|(1916)|empty
1920329515075230293|235522536|9|1095|3|(1919)|.000|365|365|0|0|(1917)|empty
1920329515075230293|235522536|10|366|1|(1920)|.000|366|0|0|0|(1920)|empty
1920329515075230293|235522536|11|1095|3|(1923)|.000|365|365|0|0|(1921)|empty
1920329515075230293|235522536|12|366|1|(1924)|.000|366|0|0|0|(1924)|empty
1920329515075230293|235522536|13|1095|3|(1927)|.000|365|365|0|0|(1925)|empty
1920329515075230293|235522536|14|366|1|(1928)|.000|366|0|0|0|(1928)|empty
1920329515075230293|235522536|15|1095|3|(1931)|.000|365|365|0|0|(1929)|empty
1920329515075230293|235522536|16|366|1|(1932)|.000|366|0|0|0|(1932)|empty
1920329515075230293|235522536|17|1095|3|(1935)|.000|365|365|0|0|(1933)|empty
1920329515075230293|235522536|18|366|1|(1936)|.000|366|0|0|0|(1936)|empty
1920329515075230293|235522536|19|1095|3|(1939)|.000|365|365|0|0|(1937)|empty
1920329515075230293|235522536|20|366|1|(1940)|.000|366|0|0|0|(1940)|empty
1920329515075230293|235522536|21|1095|3|(1943)|.000|365|365|0|0|(1941)|empty
1920329515075230293|235522536|22|366|1|(1944)|.000|366|0|0|0|(1944)|empty
1920329515075230293|235522536|23|1095|3|(1947)|.000|365|365|0|0|(1945)|empty
1920329515075230293|235522536|24|366|1|(1948)|.000|366|0|0|0|(1948)|empty
1920329515075230293|235522536|25|1095|3|(1951)|.000|365|365|0|0|(1949)|empty
1920329515075230293|235522536|26|366|1|(1952)|.000|366|0|0|0|(1952)|empty
1920329515075230293|235522536|27|1095|3|(1955)|.000|365|365|0|0|(1953)|empty
1920329515075230293|235522536|28|366|1|(1956)|.000|366|0|0|0|(1956)|empty
1920329515075230293|235522536|29|1095|3|(1959)|.000|365|365|0|0|(1957)|empty
1920329515075230293|235522536|30|366|1|(1960)|.000|366|0|0|0|(1960)|empty
1920329515075230293|235522536|31|1095|3|(1963)|.000|365|365|0|0|(1961)|empty
1920329515075230293|235522536|32|366|1|(1964)|.000|366|0|0|0|(1964)|empty
1920329515075230293|235522536|33|1095|3|(1967)|.000|365|365|0|0|(1965)|empty
1920329515075230293|235522536|34|366|1|(1968)|.000|366|0|0|0|(1968)|empty
1920329515075230293|235522536|35|1095|3|(1971)|.000|365|365|0|0|(1969)|empty
1920329515075230293|235522536|36|366|1|(1972)|.000|366|0|0|0|(1972)|empty
1920329515075230293|235522536|37|1095|3|(1975)|.000|365|365|0|0|(1973)|empty
1920329515075230293|235522536|38|366|1|(1976)|.000|366|0|0|0|(1976)|empty
1920329515075230293|235522536|39|1095|3|(1979)|.000|365|365|0|0|(1977)|empty
1920329515075230293|235522536|40|366|1|(1980)|.000|366|0|0|0|(1980)|empty
1920329515075230293|235522536|41|1095|3|(1983)|.000|365|365|0|0|(1981)|empty
1920329515075230293|235522536|42|366|1|(1984)|.000|366|0|0|0|(1984)|empty
1920329515075230293|235522536|43|1095|3|(1987)|.000|365|365|0|0|(1985)|empty
1920329515075230293|235522536|44|366|1|(1988)|.000|366|0|0|0|(1988)|empty
1920329515075230293|235522536|45|1095|3|(1991)|.000|365|365|0|0|(1989)|empty
1920329515075230293|235522536|46|366|1|(1992)|.000|366|0|0|0|(1992)|empty
1920329515075230293|235522536|47|1095|3|(1995)|.000|365|365|0|0|(1993)|empty
1920329515075230293|235522536|48|366|1|(1996)|.000|366|0|0|0|(1996)|empty
1920329515075230293|235522536|49|1095|3|(1999)|.000|365|365|0|0|(1997)|empty
1920329515075230293|235522536|50|366|1|(2000)|.000|366|0|0|0|(2000)|empty
1920329515075230293|235522536|51|1095|3|(2003)|.000|365|365|0|0|(2001)|empty
1920329515075230293|235522536|52|366|1|(2004)|.000|366|0|0|0|(2004)|empty
1920329515075230293|235522536|53|1095|3|(2007)|.000|365|365|0|0|(2005)|empty
1920329515075230293|235522536|54|366|1|(2008)|.000|366|0|0|0|(2008)|empty
1920329515075230293|235522536|55|1095|3|(2011)|.000|365|365|0|0|(2009)|empty
1920329515075230293|235522536|56|366|1|(2012)|.000|366|0|0|0|(2012)|empty
1920329515075230293|235522536|57|1095|3|(2015)|.000|365|365|0|0|(2013)|empty
1920329515075230293|235522536|58|366|1|(2016)|.000|366|0|0|0|(2016)|empty
1920329515075230293|235522536|59|1095|3|(2019)|.000|365|365|0|0|(2017)|empty
1920329515075230293|235522536|60|366|1|(2020)|.000|366|0|0|0|(2020)|empty
1920329515075230293|235522536|61|1095|3|(2023)|.000|365|365|0|0|(2021)|empty
1920329515075230293|235522536|62|366|1|(2024)|.000|366|0|0|0|(2024)|empty
1920329515075230293|235522536|63|1095|3|(2027)|.000|365|365|0|0|(2025)|empty
1920329515075230293|235522536|64|366|1|(2028)|.000|366|0|0|0|(2028)|empty
1920329515075230293|235522536|65|1095|3|(2031)|.000|365|365|0|0|(2029)|empty
1920329515075230293|235522536|66|366|1|(2032)|.000|366|0|0|0|(2032)|empty
1920329515075230293|235522536|67|1095|3|(2035)|.000|365|365|0|0|(2033)|empty
1920329515075230293|235522536|68|366|1|(2036)|.000|366|0|0|0|(2036)|empty
1920329515075230293|235522536|69|1095|3|(2039)|.000|365|365|0|0|(2037)|empty
1920329515075230293|235522536|70|366|1|(2040)|.000|366|0|0|0|(2040)|empty
1920329515075230293|235522536|71|1095|3|(2043)|.000|365|365|0|0|(2041)|empty
1920329515075230293|235522536|72|366|1|(2044)|.000|366|0|0|0|(2044)|empty
1920329515075230293|235522536|73|1095|3|(2047)|.000|365|365|0|0|(2045)|empty
1920329515075230293|235522536|74|366|1|(2048)|.000|366|0|0|0|(2048)|empty
1920329515075230293|235522536|75|1095|3|(2051)|.000|365|365|0|0|(2049)|empty
1920329515075230293|235522536|76|366|1|(2052)|.000|366|0|0|0|(2052)|empty
1920329515075230293|235522536|77|1095|3|(2055)|.000|365|365|0|0|(2053)|empty
1920329515075230293|235522536|78|366|1|(2056)|.000|366|0|0|0|(2056)|empty
1920329515075230293|235522536|79|1095|3|(2059)|.000|365|365|0|0|(2057)|empty
1920329515075230293|235522536|80|366|1|(2060)|.000|366|0|0|0|(2060)|empty
1920329515075230293|235522536|81|1095|3|(2063)|.000|365|365|0|0|(2061)|empty
1920329515075230293|235522536|82|366|1|(2064)|.000|366|0|0|0|(2064)|empty
1920329515075230293|235522536|83|1095|3|(2067)|.000|365|365|0|0|(2065)|empty
1920329515075230293|235522536|84|366|1|(2068)|.000|366|0|0|0|(2068)|empty
1920329515075230293|235522536|85|1095|3|(2071)|.000|365|365|0|0|(2069)|empty
1920329515075230293|235522536|86|366|1|(2072)|.000|366|0|0|0|(2072)|empty
1920329515075230293|235522536|87|1095|3|(2075)|.000|365|365|0|0|(2073)|empty
1920329515075230293|235522536|88|366|1|(2076)|.000|366|0|0|0|(2076)|empty
1920329515075230293|235522536|89|1095|3|(2079)|.000|365|365|0|0|(2077)|empty
1920329515075230293|235522536|90|366|1|(2080)|.000|366|0|0|0|(2080)|empty
1920329515075230293|235522536|91|1095|3|(2083)|.000|365|365|0|0|(2081)|empty
1920329515075230293|235522536|92|366|1|(2084)|.000|366|0|0|0|(2084)|empty
1920329515075230293|235522536|93|1095|3|(2087)|.000|365|365|0|0|(2085)|empty
1920329515075230293|235522536|94|366|1|(2088)|.000|366|0|0|0|(2088)|empty
1920329515075230293|235522536|95|1095|3|(2091)|.000|365|365|0|0|(2089)|empty
1920329515075230293|235522536|96|366|1|(2092)|.000|366|0|0|0|(2092)|empty
1920329515075230293|235522536|97|1095|3|(2095)|.000|365|365|0|0|(2093)|empty
1920329515075230293|235522536|98|366|1|(2096)|.000|366|0|0|0|(2096)|empty
1920329515075230293|235522536|99|1096|4|(2100)|157.616|365|365|0|0|(2097)|empty
1920329515075230293|235522541|0|0|0|(1)|.000|0|0|0|0|()|empty
1920329515075230293|235522541|1|1519|17|(17)|7.873|92|92|0|0|(2)|empty
1920329515075230293|235522541|2|1461|16|(33)|.768|92|92|0|0|(18)|empty
1920329515075230293|235522541|3|1461|16|(49)|.768|92|92|0|0|(34)|empty
1920329515075230293|235522541|4|1461|16|(65)|.768|92|92|0|0|(50)|empty
1920329515075230293|235522541|5|1461|16|(81)|.768|92|92|0|0|(66)|empty
1920329515075230293|235522541|6|1461|16|(97)|.768|92|92|0|0|(82)|empty
1920329515075230293|235522541|7|1461|16|(113)|.768|92|92|0|0|(98)|empty
1920329515075230293|235522541|8|1461|16|(129)|.768|92|92|0|0|(114)|empty
1920329515075230293|235522541|9|1461|16|(145)|.768|92|92|0|0|(130)|empty
1920329515075230293|235522541|10|1461|16|(161)|.768|92|92|0|0|(146)|empty
1920329515075230293|235522541|11|1461|16|(177)|.768|92|92|0|0|(162)|empty
1920329515075230293|235522541|12|1461|16|(193)|.768|92|92|0|0|(178)|empty
1920329515075230293|235522541|13|1461|16|(209)|.768|92|92|0|0|(194)|empty
1920329515075230293|235522541|14|1461|16|(225)|.768|92|92|0|0|(210)|empty
1920329515075230293|235522541|15|1461|16|(241)|.768|92|92|0|0|(226)|empty
1920329515075230293|235522541|16|1461|16|(257)|.768|92|92|0|0|(242)|empty
1920329515075230293|235522541|17|1461|16|(273)|.768|92|92|0|0|(258)|empty
1920329515075230293|235522541|18|1553|17|(290)|.762|92|92|0|0|(274)|empty
1920329515075230293|235522541|19|1553|17|(307)|.762|92|92|0|0|(291)|empty
1920329515075230293|235522541|20|1552|17|(324)|.748|92|92|0|0|(310)|empty
1920329515075230293|235522541|21|1551|17|(341)|.806|92|92|0|0|(326)|empty
1920329515075230293|235522541|22|1553|17|(358)|.762|92|92|0|0|(342)|empty
1920329515075230293|235522541|23|1553|17|(375)|.762|92|92|0|0|(359)|empty
1920329515075230293|235522541|24|1552|17|(392)|.748|92|92|0|0|(378)|empty
1920329515075230293|235522541|25|1551|17|(409)|.806|92|92|0|0|(394)|empty
1920329515075230293|235522541|26|1553|17|(426)|.762|92|92|0|0|(410)|empty
1920329515075230293|235522541|27|1553|17|(443)|.762|92|92|0|0|(427)|empty
1920329515075230293|235522541|28|1552|17|(460)|.748|92|92|0|0|(446)|empty
1920329515075230293|235522541|29|1551|17|(477)|.806|92|92|0|0|(462)|empty
1920329515075230293|235522541|30|1553|17|(494)|.762|92|92|0|0|(478)|empty
1920329515075230293|235522541|31|1553|17|(511)|.762|92|92|0|0|(495)|empty
1920329515075230293|235522541|32|1552|17|(528)|.748|92|92|0|0|(514)|empty
1920329515075230293|235522541|33|1552|17|(545)|.748|92|92|0|0|(530)|empty
1920329515075230293|235522541|34|1553|17|(562)|.762|92|92|0|0|(546)|empty
1920329515075230293|235522541|35|1553|17|(579)|.762|92|92|0|0|(563)|empty
1920329515075230293|235522541|36|1552|17|(596)|.748|92|92|0|0|(582)|empty
1920329515075230293|235522541|37|1551|17|(613)|.806|92|92|0|0|(598)|empty
1920329515075230293|235522541|38|1553|17|(630)|.762|92|92|0|0|(614)|empty
1920329515075230293|235522541|39|1553|17|(647)|.762|92|92|0|0|(631)|empty
1920329515075230293|235522541|40|1552|17|(664)|.748|92|92|0|0|(650)|empty
1920329515075230293|235522541|41|1551|17|(681)|.806|92|92|0|0|(666)|empty
1920329515075230293|235522541|42|1553|17|(698)|.762|92|92|0|0|(682)|empty
1920329515075230293|235522541|43|1553|17|(715)|.762|92|92|0|0|(699)|empty
1920329515075230293|235522541|44|1552|17|(732)|.748|92|92|0|0|(718)|empty
1920329515075230293|235522541|45|1551|17|(749)|.806|92|92|0|0|(734)|empty
1920329515075230293|235522541|46|1553|17|(766)|.762|92|92|0|0|(750)|empty
1920329515075230293|235522541|47|1553|17|(783)|.762|92|92|0|0|(767)|empty
1920329515075230293|235522541|48|1584|18|(801)|13.601|92|92|0|0|(786)|empty
1920329515075230293|235522546|0|0|0|(1)|.000|0|0|0|0|()|empty
1920329515075230293|235522546|1|1519|217|(217)|.000|7|7|0|0|(1)|empty
1920329515075230293|235522546|2|1519|217|(434)|.000|7|7|0|0|(218)|empty
1920329515075230293|235522546|3|1519|217|(651)|.000|7|7|0|0|(435)|empty
1920329515075230293|235522546|4|1519|217|(868)|.000|7|7|0|0|(652)|empty
1920329515075230293|235522546|5|1519|217|(1085)|.000|7|7|0|0|(869)|empty
1920329515075230293|235522546|6|1519|217|(1302)|.000|7|7|0|0|(1086)|empty
1920329515075230293|235522546|7|1519|217|(1519)|.000|7|7|0|0|(1303)|empty
1920329515075230293|235522546|8|1519|217|(1736)|.000|7|7|0|0|(1520)|empty
1920329515075230293|235522546|9|1519|217|(1953)|.000|7|7|0|0|(1737)|empty
1920329515075230293|235522546|10|1519|217|(2170)|.000|7|7|0|0|(1954)|empty
1920329515075230293|235522546|11|1519|217|(2387)|.000|7|7|0|0|(2171)|empty
1920329515075230293|235522546|12|1519|217|(2604)|.000|7|7|0|0|(2388)|empty
1920329515075230293|235522546|13|1519|217|(2821)|.000|7|7|0|0|(2605)|empty
1920329515075230293|235522546|14|1519|217|(3038)|.000|7|7|0|0|(2822)|empty
1920329515075230293|235522546|15|1519|217|(3255)|.000|7|7|0|0|(3039)|empty
1920329515075230293|235522546|16|1519|217|(3472)|.000|7|7|0|0|(3256)|empty
1920329515075230293|235522546|17|1519|217|(3689)|.000|7|7|0|0|(3473)|empty
1920329515075230293|235522546|18|1519|217|(3906)|.000|7|7|0|0|(3690)|empty
1920329515075230293|235522546|19|1519|217|(4123)|.000|7|7|0|0|(3907)|empty
1920329515075230293|235522546|20|1519|217|(4340)|.000|7|7|0|0|(4124)|empty
1920329515075230293|235522546|21|1519|217|(4557)|.000|7|7|0|0|(4341)|empty
1920329515075230293|235522546|22|1519|217|(4774)|.000|7|7|0|0|(4558)|empty
1920329515075230293|235522546|23|1519|217|(4991)|.000|7|7|0|0|(4775)|empty
1920329515075230293|235522546|24|1519|217|(5208)|.000|7|7|0|0|(4992)|empty
1920329515075230293|235522546|25|1519|217|(5425)|.000|7|7|0|0|(5209)|empty
1920329515075230293|235522546|26|1519|217|(5642)|.000|7|7|0|0|(5426)|empty
1920329515075230293|235522546|27|1519|217|(5859)|.000|7|7|0|0|(5643)|empty
1920329515075230293|235522546|28|1519|217|(6076)|.000|7|7|0|0|(5860)|empty
1920329515075230293|235522546|29|1519|217|(6293)|.000|7|7|0|0|(6077)|empty
1920329515075230293|235522546|30|1526|218|(6511)|.000|7|7|0|0|(6294)|empty
1920329515075230293|235522546|31|1526|218|(6729)|.000|7|7|0|0|(6512)|empty
1920329515075230293|235522546|32|1526|218|(6947)|.000|7|7|0|0|(6730)|empty
1920329515075230293|235522546|33|1526|218|(7165)|.000|7|7|0|0|(6948)|empty
1920329515075230293|235522546|34|1526|218|(7383)|.000|7|7|0|0|(7166)|empty
1920329515075230293|235522546|35|1526|218|(7601)|.000|7|7|0|0|(7384)|empty
1920329515075230293|235522546|36|1526|218|(7819)|.000|7|7|0|0|(7602)|empty
1920329515075230293|235522546|37|1526|218|(8037)|.000|7|7|0|0|(7820)|empty
1920329515075230293|235522546|38|1526|218|(8255)|.000|7|7|0|0|(8038)|empty
1920329515075230293|235522546|39|1526|218|(8473)|.000|7|7|0|0|(8256)|empty
1920329515075230293|235522546|40|1526|218|(8691)|.000|7|7|0|0|(8474)|empty
1920329515075230293|235522546|41|1526|218|(8909)|.000|7|7|0|0|(8692)|empty
1920329515075230293|235522546|42|1526|218|(9127)|.000|7|7|0|0|(8910)|empty
1920329515075230293|235522546|43|1526|218|(9345)|.000|7|7|0|0|(9128)|empty
1920329515075230293|235522546|44|1526|218|(9563)|.000|7|7|0|0|(9346)|empty
1920329515075230293|235522546|45|1526|218|(9781)|.000|7|7|0|0|(9564)|empty
1920329515075230293|235522546|46|1526|218|(9999)|.000|7|7|0|0|(9782)|empty
1920329515075230293|235522546|47|1526|218|(10217)|.000|7|7|0|0|(10000)|empty
1920329515075230293|235522546|48|1530|219|(10436)|.202|7|7|0|0|(10218)|empty
1920329515075230293|235522551|0|0|0|(0)|.000|0|0|0|0|()|empty
1920329515075230293|235522551|1|1519|50|(49)|.869|31|31|0|0|(2)|empty
1920329515075230293|235522551|2|1492|49|(98)|.809|31|31|0|0|(50)|empty
1920329515075230293|235522551|3|1522|50|(148)|.803|31|31|0|0|(100)|empty
1920329515075230293|235522551|4|1522|50|(198)|.803|31|31|0|0|(150)|empty
1920329515075230293|235522551|5|1522|50|(248)|.803|31|31|0|0|(199)|empty
1920329515075230293|235522551|6|1522|50|(298)|.803|31|31|0|0|(249)|empty
1920329515075230293|235522551|7|1492|49|(347)|.809|31|31|0|0|(299)|empty
1920329515075230293|235522551|8|1520|50|(397)|.871|31|31|0|0|(348)|empty
1920329515075230293|235522551|9|1522|50|(447)|.803|31|31|0|0|(398)|empty
1920329515075230293|235522551|10|1522|50|(497)|.803|31|31|0|0|(448)|empty
1920329515075230293|235522551|11|1523|50|(547)|.805|31|31|0|0|(498)|empty
1920329515075230293|235522551|12|1522|50|(597)|.803|31|31|0|0|(549)|empty
1920329515075230293|235522551|13|1522|50|(647)|.803|31|31|0|0|(599)|empty
1920329515075230293|235522551|14|1520|50|(697)|.871|31|31|0|0|(648)|empty
1920329515075230293|235522551|15|1522|50|(747)|.803|31|31|0|0|(698)|empty
1920329515075230293|235522551|16|1522|50|(797)|.803|31|31|0|0|(748)|empty
1920329515075230293|235522551|17|1523|50|(847)|.805|31|31|0|0|(798)|empty
1920329515075230293|235522551|18|1522|50|(897)|.803|31|31|0|0|(849)|empty
1920329515075230293|235522551|19|1522|50|(947)|.803|31|31|0|0|(899)|empty
1920329515075230293|235522551|20|1520|50|(997)|.871|31|31|0|0|(948)|empty
1920329515075230293|235522551|21|1522|50|(1047)|.803|31|31|0|0|(998)|empty
1920329515075230293|235522551|22|1522|50|(1097)|.803|31|31|0|0|(1048)|empty
1920329515075230293|235522551|23|1523|50|(1147)|.805|31|31|0|0|(1098)|empty
1920329515075230293|235522551|24|1522|50|(1197)|.803|31|31|0|0|(1149)|empty
1920329515075230293|235522551|25|1522|50|(1247)|.803|31|31|0|0|(1199)|empty
1920329515075230293|235522551|26|1521|50|(1297)|.826|31|31|0|0|(1248)|empty
1920329515075230293|235522551|27|1522|50|(1347)|.803|31|31|0|0|(1298)|empty
1920329515075230293|235522551|28|1522|50|(1397)|.803|31|31|0|0|(1348)|empty
1920329515075230293|235522551|29|1523|50|(1447)|.805|31|31|0|0|(1398)|empty
1920329515075230293|235522551|30|1522|50|(1497)|.803|31|31|0|0|(1449)|empty
1920329515075230293|235522551|31|1522|50|(1547)|.803|31|31|0|0|(1499)|empty
1920329515075230293|235522551|32|1520|50|(1597)|.871|31|31|0|0|(1548)|empty
1920329515075230293|235522551|33|1522|50|(1647)|.803|31|31|0|0|(1598)|empty
1920329515075230293|235522551|34|1522|50|(1697)|.803|31|31|0|0|(1648)|empty
1920329515075230293|235522551|35|1523|50|(1747)|.805|31|31|0|0|(1698)|empty
1920329515075230293|235522551|36|1522|50|(1797)|.803|31|31|0|0|(1749)|empty
1920329515075230293|235522551|37|1522|50|(1847)|.803|31|31|0|0|(1799)|empty
1920329515075230293|235522551|38|1520|50|(1897)|.871|31|31|0|0|(1848)|empty
1920329515075230293|235522551|39|1522|50|(1947)|.803|31|31|0|0|(1898)|empty
1920329515075230293|235522551|40|1522|50|(1997)|.803|31|31|0|0|(1948)|empty
1920329515075230293|235522551|41|1523|50|(2047)|.805|31|31|0|0|(1998)|empty
1920329515075230293|235522551|42|1522|50|(2097)|.803|31|31|0|0|(2049)|empty
1920329515075230293|235522551|43|1522|50|(2147)|.803|31|31|0|0|(2099)|empty
1920329515075230293|235522551|44|1520|50|(2197)|.871|31|31|0|0|(2148)|empty
1920329515075230293|235522551|45|1522|50|(2247)|.803|31|31|0|0|(2198)|empty
1920329515075230293|235522551|46|1522|50|(2297)|.803|31|31|0|0|(2248)|empty
1920329515075230293|235522551|47|1553|51|(2348)|.799|31|31|0|0|(2298)|empty
1920329515075230293|235522551|48|1554|52|(2400)|4.121|31|31|0|0|(2349)|empty
1920329515075230293|235522556|0|0|0|(DATE '1900-01-02')|.000|0|0|0|0|()|empty
1920329515075230293|235522556|1|1460|1460|(DATE '1904-01-01')|.000|1|1|0|0|(DATE '1900-01-02')|empty
1920329515075230293|235522556|2|1461|1461|(DATE '1908-01-01')|.000|1|1|0|0|(DATE '1904-01-02')|empty
1920329515075230293|235522556|3|1461|1461|(DATE '1912-01-01')|.000|1|1|0|0|(DATE '1908-01-02')|empty
1920329515075230293|235522556|4|1461|1461|(DATE '1916-01-01')|.000|1|1|0|0|(DATE '1912-01-02')|empty
1920329515075230293|235522556|5|1461|1461|(DATE '1920-01-01')|.000|1|1|0|0|(DATE '1916-01-02')|empty
1920329515075230293|235522556|6|1461|1461|(DATE '1924-01-01')|.000|1|1|0|0|(DATE '1920-01-02')|empty
1920329515075230293|235522556|7|1461|1461|(DATE '1928-01-01')|.000|1|1|0|0|(DATE '1924-01-02')|empty
1920329515075230293|235522556|8|1461|1461|(DATE '1932-01-01')|.000|1|1|0|0|(DATE '1928-01-02')|empty
1920329515075230293|235522556|9|1461|1461|(DATE '1936-01-01')|.000|1|1|0|0|(DATE '1932-01-02')|empty
1920329515075230293|235522556|10|1461|1461|(DATE '1940-01-01')|.000|1|1|0|0|(DATE '1936-01-02')|empty
1920329515075230293|235522556|11|1461|1461|(DATE '1944-01-01')|.000|1|1|0|0|(DATE '1940-01-02')|empty
1920329515075230293|235522556|12|1461|1461|(DATE '1948-01-01')|.000|1|1|0|0|(DATE '1944-01-02')|empty
1920329515075230293|235522556|13|1461|1461|(DATE '1952-01-01')|.000|1|1|0|0|(DATE '1948-01-02')|empty
1920329515075230293|235522556|14|1461|1461|(DATE '1956-01-01')|.000|1|1|0|0|(DATE '1952-01-02')|empty
1920329515075230293|235522556|15|1461|1461|(DATE '1960-01-01')|.000|1|1|0|0|(DATE '1956-01-02')|empty
1920329515075230293|235522556|16|1461|1461|(DATE '1964-01-01')|.000|1|1|0|0|(DATE '1960-01-02')|empty
1920329515075230293|235522556|17|1461|1461|(DATE '1968-01-01')|.000|1|1|0|0|(DATE '1964-01-02')|empty
1920329515075230293|235522556|18|1461|1461|(DATE '1972-01-01')|.000|1|1|0|0|(DATE '1968-01-02')|empty
1920329515075230293|235522556|19|1461|1461|(DATE '1976-01-01')|.000|1|1|0|0|(DATE '1972-01-02')|empty
1920329515075230293|235522556|20|1461|1461|(DATE '1980-01-01')|.000|1|1|0|0|(DATE '1976-01-02')|empty
1920329515075230293|235522556|21|1461|1461|(DATE '1984-01-01')|.000|1|1|0|0|(DATE '1980-01-02')|empty
1920329515075230293|235522556|22|1461|1461|(DATE '1988-01-01')|.000|1|1|0|0|(DATE '1984-01-02')|empty
1920329515075230293|235522556|23|1461|1461|(DATE '1992-01-01')|.000|1|1|0|0|(DATE '1988-01-02')|empty
1920329515075230293|235522556|24|1461|1461|(DATE '1996-01-01')|.000|1|1|0|0|(DATE '1992-01-02')|empty
1920329515075230293|235522556|25|1461|1461|(DATE '2000-01-01')|.000|1|1|0|0|(DATE '1996-01-02')|empty
1920329515075230293|235522556|26|1461|1461|(DATE '2004-01-01')|.000|1|1|0|0|(DATE '2000-01-02')|empty
1920329515075230293|235522556|27|1461|1461|(DATE '2008-01-01')|.000|1|1|0|0|(DATE '2004-01-02')|empty
1920329515075230293|235522556|28|1461|1461|(DATE '2012-01-01')|.000|1|1|0|0|(DATE '2008-01-02')|empty
1920329515075230293|235522556|29|1461|1461|(DATE '2016-01-01')|.000|1|1|0|0|(DATE '2012-01-02')|empty
1920329515075230293|235522556|30|1461|1461|(DATE '2020-01-01')|.000|1|1|0|0|(DATE '2016-01-02')|empty
1920329515075230293|235522556|31|1461|1461|(DATE '2024-01-01')|.000|1|1|0|0|(DATE '2020-01-02')|empty
1920329515075230293|235522556|32|1461|1461|(DATE '2028-01-01')|.000|1|1|0|0|(DATE '2024-01-02')|empty
1920329515075230293|235522556|33|1461|1461|(DATE '2032-01-01')|.000|1|1|0|0|(DATE '2028-01-02')|empty
1920329515075230293|235522556|34|1461|1461|(DATE '2036-01-01')|.000|1|1|0|0|(DATE '2032-01-02')|empty
1920329515075230293|235522556|35|1461|1461|(DATE '2040-01-01')|.000|1|1|0|0|(DATE '2036-01-02')|empty
1920329515075230293|235522556|36|1461|1461|(DATE '2044-01-01')|.000|1|1|0|0|(DATE '2040-01-02')|empty
1920329515075230293|235522556|37|1461|1461|(DATE '2048-01-01')|.000|1|1|0|0|(DATE '2044-01-02')|empty
1920329515075230293|235522556|38|1461|1461|(DATE '2052-01-01')|.000|1|1|0|0|(DATE '2048-01-02')|empty
1920329515075230293|235522556|39|1461|1461|(DATE '2056-01-01')|.000|1|1|0|0|(DATE '2052-01-02')|empty
1920329515075230293|235522556|40|1461|1461|(DATE '2060-01-01')|.000|1|1|0|0|(DATE '2056-01-02')|empty
1920329515075230293|235522556|41|1461|1461|(DATE '2064-01-01')|.000|1|1|0|0|(DATE '2060-01-02')|empty
1920329515075230293|235522556|42|1461|1461|(DATE '2068-01-01')|.000|1|1|0|0|(DATE '2064-01-02')|empty
1920329515075230293|235522556|43|1461|1461|(DATE '2072-01-01')|.000|1|1|0|0|(DATE '2068-01-02')|empty
1920329515075230293|235522556|44|1461|1461|(DATE '2076-01-01')|.000|1|1|0|0|(DATE '2072-01-02')|empty
1920329515075230293|235522556|45|1461|1461|(DATE '2080-01-01')|.000|1|1|0|0|(DATE '2076-01-02')|empty
1920329515075230293|235522556|46|1461|1461|(DATE '2084-01-01')|.000|1|1|0|0|(DATE '2080-01-02')|empty
1920329515075230293|235522556|47|1461|1461|(DATE '2088-01-01')|.000|1|1|0|0|(DATE '2084-01-02')|empty
1920329515075230293|235522556|48|1461|1461|(DATE '2092-01-01')|.000|1|1|0|0|(DATE '2088-01-02')|empty
1920329515075230293|235522556|49|1461|1461|(DATE '2096-01-01')|.000|1|1|0|0|(DATE '2092-01-02')|empty
1920329515075230293|235522556|50|1461|1461|(DATE '2100-01-01')|.000|1|1|0|0|(DATE '2096-01-02')|empty
1920329515075230293|235522561|0|0|0|('AAAAAAAAAAAAFCAA')|.000|0|0|0|0|()|empty
1920329515075230293|235522561|1|1178|1178|('AAAAAAAAAECAFCAA')|.000|1|1|0|0|('AAAAAAAAAAAAFCAA')|empty
1920329515075230293|235522561|2|1178|1178|('AAAAAAAAAIECFCAA')|.000|1|1|0|0|('AAAAAAAAAECBFCAA')|empty
1920329515075230293|235522561|3|1178|1178|('AAAAAAAAAMGDFCAA')|.000|1|1|0|0|('AAAAAAAAAIEDFCAA')|empty
1920329515075230293|235522561|4|1178|1178|('AAAAAAAABAIBFCAA')|.000|1|1|0|0|('AAAAAAAAAMGEFCAA')|empty
1920329515075230293|235522561|5|1178|1178|('AAAAAAAABEKFFCAA')|.000|1|1|0|0|('AAAAAAAABAICFCAA')|empty
1920329515075230293|235522561|6|1178|1178|('AAAAAAAABIMHFCAA')|.000|1|1|0|0|('AAAAAAAABEKGFCAA')|empty
1920329515075230293|235522561|7|1178|1178|('AAAAAAAABMOHFCAA')|.000|1|1|0|0|('AAAAAAAABIMIFCAA')|empty
1920329515075230293|235522561|8|1178|1178|('AAAAAAAACBAFFCAA')|.000|1|1|0|0|('AAAAAAAABMOIFCAA')|empty
1920329515075230293|235522561|9|1178|1178|('AAAAAAAACFCHFCAA')|.000|1|1|0|0|('AAAAAAAACDANFCAA')|empty
1920329515075230293|235522561|10|1178|1178|('AAAAAAAACJEJFCAA')|.000|1|1|0|0|('AAAAAAAACFCIFCAA')|empty
1920329515075230293|235522561|11|1178|1178|('AAAAAAAACNGJFCAA')|.000|1|1|0|0|('AAAAAAAACJEKFCAA')|empty
1920329515075230293|235522561|12|1178|1178|('AAAAAAAADBIIFCAA')|.000|1|1|0|0|('AAAAAAAACNGKFCAA')|empty
1920329515075230293|235522561|13|1178|1178|('AAAAAAAADFKMFCAA')|.000|1|1|0|0|('AAAAAAAADBIJFCAA')|empty
1920329515075230293|235522561|14|1178|1178|('AAAAAAAADJMNFCAA')|.000|1|1|0|0|('AAAAAAAADFKNECAA')|empty
1920329515075230293|235522561|15|1178|1178|('AAAAAAAADNONECAA')|.000|1|1|0|0|('AAAAAAAADJMOECAA')|empty
1920329515075230293|235522561|16|1178|1178|('AAAAAAAAECAMFCAA')|.000|1|1|0|0|('AAAAAAAADNONFCAA')|empty
1920329515075230293|235522561|17|1178|1178|('AAAAAAAAEGCOECAA')|.000|1|1|0|0|('AAAAAAAAEGBJFCAA')|empty
1920329515075230293|235522561|18|1178|1178|('AAAAAAAAEKEPECAA')|.000|1|1|0|0|('AAAAAAAAEGCOFCAA')|empty
1920329515075230293|235522561|19|1178|1178|('AAAAAAAAEOGOFCAA')|.000|1|1|0|0|('AAAAAAAAEKEPFCAA')|empty
1920329515075230293|235522561|20|1178|1178|('AAAAAAAAFCIOFCAA')|.000|1|1|0|0|('AAAAAAAAEOGPECAA')|empty
1920329515075230293|235522561|21|1178|1178|('AAAAAAAAFGLBFCAA')|.000|1|1|0|0|('AAAAAAAAFCIPECAA')|empty
1920329515075230293|235522561|22|1178|1178|('AAAAAAAAFKNDFCAA')|.000|1|1|0|0|('AAAAAAAAFGLCFCAA')|empty
1920329515075230293|235522561|23|1178|1178|('AAAAAAAAFOPBFCAA')|.000|1|1|0|0|('AAAAAAAAFKNEFCAA')|empty
1920329515075230293|235522561|24|1178|1178|('AAAAAAAAGDBBFCAA')|.000|1|1|0|0|('AAAAAAAAFOPCFCAA')|empty
1920329515075230293|235522561|25|1178|1178|('AAAAAAAAGHDDFCAA')|.000|1|1|0|0|('AAAAAAAAGDBCFCAA')|empty
1920329515075230293|235522561|26|1178|1178|('AAAAAAAAGLFFFCAA')|.000|1|1|0|0|('AAAAAAAAGJCFFCAA')|empty
1920329515075230293|235522561|27|1178|1178|('AAAAAAAAGPHDFCAA')|.000|1|1|0|0|('AAAAAAAAGLFGFCAA')|empty
1920329515075230293|235522561|28|1178|1178|('AAAAAAAAHDJGFCAA')|.000|1|1|0|0|('AAAAAAAAGPHEFCAA')|empty
1920329515075230293|235522561|29|1178|1178|('AAAAAAAAHHLJFCAA')|.000|1|1|0|0|('AAAAAAAAHDJHFCAA')|empty
1920329515075230293|235522561|30|1178|1178|('AAAAAAAAHLNKFCAA')|.000|1|1|0|0|('AAAAAAAAHHLKFCAA')|empty
1920329515075230293|235522561|31|1178|1178|('AAAAAAAAHPPIFCAA')|.000|1|1|0|0|('AAAAAAAAHLNLFCAA')|empty
1920329515075230293|235522561|32|1178|1178|('AAAAAAAAIEBKFCAA')|.000|1|1|0|0|('AAAAAAAAHPPJFCAA')|empty
1920329515075230293|235522561|33|1178|1178|('AAAAAAAAIIDMFCAA')|.000|1|1|0|0|('AAAAAAAAIEBLFCAA')|empty
1920329515075230293|235522561|34|1178|1178|('AAAAAAAAIMFNFCAA')|.000|1|1|0|0|('AAAAAAAAIMDCFCAA')|empty
1920329515075230293|235522561|35|1178|1178|('AAAAAAAAJAHLFCAA')|.000|1|1|0|0|('AAAAAAAAIMFOECAA')|empty
1920329515075230293|235522561|36|1178|1178|('AAAAAAAAJEJOFCAA')|.000|1|1|0|0|('AAAAAAAAJAHMFCAA')|empty
1920329515075230293|235522561|37|1178|1178|('AAAAAAAAJIMAFCAA')|.000|1|1|0|0|('AAAAAAAAJEJPECAA')|empty
1920329515075230293|235522561|38|1178|1178|('AAAAAAAAJMOAFCAA')|.000|1|1|0|0|('AAAAAAAAJIMBFCAA')|empty
1920329515075230293|235522561|39|1178|1178|('AAAAAAAAKAPPECAA')|.000|1|1|0|0|('AAAAAAAAJMOBFCAA')|empty
1920329515075230293|235522561|40|1178|1178|('AAAAAAAAKFCBFCAA')|.000|1|1|0|0|('AAAAAAAAKBAAFCAA')|empty
1920329515075230293|235522561|41|1178|1178|('AAAAAAAAKJEDFCAA')|.000|1|1|0|0|('AAAAAAAAKFCCFCAA')|empty
1920329515075230293|235522561|42|1178|1178|('AAAAAAAAKNGDFCAA')|.000|1|1|0|0|('AAAAAAAAKJEEFCAA')|empty
1920329515075230293|235522561|43|1178|1178|('AAAAAAAALBIDFCAA')|.000|1|1|0|0|('AAAAAAAAKPDOFCAA')|empty
1920329515075230293|235522561|44|1178|1178|('AAAAAAAALFKHFCAA')|.000|1|1|0|0|('AAAAAAAALBIEFCAA')|empty
1920329515075230293|235522561|45|1178|1178|('AAAAAAAALJMJFCAA')|.000|1|1|0|0|('AAAAAAAALFKIFCAA')|empty
1920329515075230293|235522561|46|1178|1178|('AAAAAAAALNOIFCAA')|.000|1|1|0|0|('AAAAAAAALJMKFCAA')|empty
1920329515075230293|235522561|47|1178|1178|('AAAAAAAAMCAIFCAA')|.000|1|1|0|0|('AAAAAAAALNOJFCAA')|empty
1920329515075230293|235522561|48|1178|1178|('AAAAAAAAMGCKFCAA')|.000|1|1|0|0|('AAAAAAAAMCAJFCAA')|empty
1920329515075230293|235522561|49|1178|1178|('AAAAAAAAMKEMFCAA')|.000|1|1|0|0|('AAAAAAAAMGCLFCAA')|empty
1920329515075230293|235522561|50|1179|1179|('AAAAAAAAMOGMFCAA')|.000|1|1|0|0|('AAAAAAAAMKENFCAA')|empty
1920329515075230293|235522561|51|1179|1179|('AAAAAAAANCIOECAA')|.000|1|1|0|0|('AAAAAAAANCEMFCAA')|empty
1920329515075230293|235522561|52|1179|1179|('AAAAAAAANGLBFCAA')|.000|1|1|0|0|('AAAAAAAANCIOFCAA')|empty
1920329515075230293|235522561|53|1179|1179|('AAAAAAAANKNEFCAA')|.000|1|1|0|0|('AAAAAAAANGLCFCAA')|empty
1920329515075230293|235522561|54|1179|1179|('AAAAAAAANOPDFCAA')|.000|1|1|0|0|('AAAAAAAANKNFFCAA')|empty
1920329515075230293|235522561|55|1179|1179|('AAAAAAAAODBFFCAA')|.000|1|1|0|0|('AAAAAAAANOPEFCAA')|empty
1920329515075230293|235522561|56|1179|1179|('AAAAAAAAOHDIFCAA')|.000|1|1|0|0|('AAAAAAAAODBGFCAA')|empty
1920329515075230293|235522561|57|1179|1179|('AAAAAAAAOLFKFCAA')|.000|1|1|0|0|('AAAAAAAAOHDJFCAA')|empty
1920329515075230293|235522561|58|1179|1179|('AAAAAAAAOPHJFCAA')|.000|1|1|0|0|('AAAAAAAAOLFLFCAA')|empty
1920329515075230293|235522561|59|1179|1179|('AAAAAAAAPDJNFCAA')|.000|1|1|0|0|('AAAAAAAAOPHKFCAA')|empty
1920329515075230293|235522561|60|1179|1179|('AAAAAAAAPHLPECAA')|.000|1|1|0|0|('AAAAAAAAPFFJFCAA')|empty
1920329515075230293|235522561|61|1179|1179|('AAAAAAAAPLOAFCAA')|.000|1|1|0|0|('AAAAAAAAPHMAFCAA')|empty
1920329515075230293|235522561|62|1179|1179|('AAAAAAAAPPPPECAA')|.000|1|1|0|0|('AAAAAAAAPLOBFCAA')|empty
1920329515075230293|235522566|0|0|0|(2415022)|.000|0|0|0|0|()|empty
1920329515075230293|235522566|1|1521|1521|(2416542)|.000|1|1|0|0|(2415022)|empty
1920329515075230293|235522566|2|1521|1521|(2418063)|.000|1|1|0|0|(2416543)|empty
1920329515075230293|235522566|3|1521|1521|(2419584)|.000|1|1|0|0|(2418064)|empty
1920329515075230293|235522566|4|1521|1521|(2421105)|.000|1|1|0|0|(2419585)|empty
1920329515075230293|235522566|5|1521|1521|(2422626)|.000|1|1|0|0|(2421106)|empty
1920329515075230293|235522566|6|1521|1521|(2424147)|.000|1|1|0|0|(2422627)|empty
1920329515075230293|235522566|7|1521|1521|(2425668)|.000|1|1|0|0|(2424148)|empty
1920329515075230293|235522566|8|1522|1522|(2427190)|.000|1|1|0|0|(2425669)|empty
1920329515075230293|235522566|9|1522|1522|(2428712)|.000|1|1|0|0|(2427191)|empty
1920329515075230293|235522566|10|1522|1522|(2430234)|.000|1|1|0|0|(2428713)|empty
1920329515075230293|235522566|11|1522|1522|(2431756)|.000|1|1|0|0|(2430235)|empty
1920329515075230293|235522566|12|1522|1522|(2433278)|.000|1|1|0|0|(2431757)|empty
1920329515075230293|235522566|13|1522|1522|(2434800)|.000|1|1|0|0|(2433279)|empty
1920329515075230293|235522566|14|1522|1522|(2436322)|.000|1|1|0|0|(2434801)|empty
1920329515075230293|235522566|15|1522|1522|(2437844)|.000|1|1|0|0|(2436323)|empty
1920329515075230293|235522566|16|1522|1522|(2439366)|.000|1|1|0|0|(2437845)|empty
1920329515075230293|235522566|17|1522|1522|(2440888)|.000|1|1|0|0|(2439367)|empty
1920329515075230293|235522566|18|1522|1522|(2442410)|.000|1|1|0|0|(2440889)|empty
1920329515075230293|235522566|19|1522|1522|(2443932)|.000|1|1|0|0|(2442411)|empty
1920329515075230293|235522566|20|1522|1522|(2445454)|.000|1|1|0|0|(2443933)|empty
1920329515075230293|235522566|21|1522|1522|(2446976)|.000|1|1|0|0|(2445455)|empty
1920329515075230293|235522566|22|1522|1522|(2448498)|.000|1|1|0|0|(2446977)|empty
1920329515075230293|235522566|23|1522|1522|(2450020)|.000|1|1|0|0|(2448499)|empty
1920329515075230293|235522566|24|1522|1522|(2451542)|.000|1|1|0|0|(2450021)|empty
1920329515075230293|235522566|25|1522|1522|(2453064)|.000|1|1|0|0|(2451543)|empty
1920329515075230293|235522566|26|1522|1522|(2454586)|.000|1|1|0|0|(2453065)|empty
1920329515075230293|235522566|27|1522|1522|(2456108)|.000|1|1|0|0|(2454587)|empty
1920329515075230293|235522566|28|1522|1522|(2457630)|.000|1|1|0|0|(2456109)|empty
1920329515075230293|235522566|29|1522|1522|(2459152)|.000|1|1|0|0|(2457631)|empty
1920329515075230293|235522566|30|1522|1522|(2460674)|.000|1|1|0|0|(2459153)|empty
1920329515075230293|235522566|31|1522|1522|(2462196)|.000|1|1|0|0|(2460675)|empty
1920329515075230293|235522566|32|1522|1522|(2463718)|.000|1|1|0|0|(2462197)|empty
1920329515075230293|235522566|33|1522|1522|(2465240)|.000|1|1|0|0|(2463719)|empty
1920329515075230293|235522566|34|1522|1522|(2466762)|.000|1|1|0|0|(2465241)|empty
1920329515075230293|235522566|35|1522|1522|(2468284)|.000|1|1|0|0|(2466763)|empty
1920329515075230293|235522566|36|1522|1522|(2469806)|.000|1|1|0|0|(2468285)|empty
1920329515075230293|235522566|37|1522|1522|(2471328)|.000|1|1|0|0|(2469807)|empty
1920329515075230293|235522566|38|1522|1522|(2472850)|.000|1|1|0|0|(2471329)|empty
1920329515075230293|235522566|39|1522|1522|(2474372)|.000|1|1|0|0|(2472851)|empty
1920329515075230293|235522566|40|1522|1522|(2475894)|.000|1|1|0|0|(2474373)|empty
1920329515075230293|235522566|41|1522|1522|(2477416)|.000|1|1|0|0|(2475895)|empty
1920329515075230293|235522566|42|1522|1522|(2478938)|.000|1|1|0|0|(2477417)|empty
1920329515075230293|235522566|43|1522|1522|(2480460)|.000|1|1|0|0|(2478939)|empty
1920329515075230293|235522566|44|1522|1522|(2481982)|.000|1|1|0|0|(2480461)|empty
1920329515075230293|235522566|45|1522|1522|(2483504)|.000|1|1|0|0|(2481983)|empty
1920329515075230293|235522566|46|1522|1522|(2485026)|.000|1|1|0|0|(2483505)|empty
1920329515075230293|235522566|47|1522|1522|(2486548)|.000|1|1|0|0|(2485027)|empty
1920329515075230293|235522566|48|1522|1522|(2488070)|.000|1|1|0|0|(2486549)|empty
