6423927512736013458|1275590210|0|23|1|51|68758263|2293|2016-08-16 15:29:52|(2450827)|(2453000)|0001-01-01 00:00:00|0|0|30|100|3.41387101906321216E-002|M|0|-1|0|0|empty|empty
6423927512736013458|1275590217|0|22|1|48|68758263|705121|2016-08-16 15:28:47|(5.1999998E-001)|(1.3525309E+004)|0001-01-01 00:00:00|0|0|17|100|9.20644538590873600E-003|M|0|-1|0|0|empty|empty
6423927512736013458|1275590220|0|21|1|51|68758263|539681|2016-08-16 14:39:39|(0.0000000E+000)|(1.7703980E+004)|0001-01-01 00:00:00|0|0|1|100|5.57599424343606656E-003|M|0|-1|0|0|empty|empty
6423927512736013458|1275590227|0|20|1|51|68758263|616488|2016-08-16 14:39:39|(0.0000000E+000)|(1.7659439E+004)|0001-01-01 00:00:00|0|0|1|100|6.20601001981714048E-003|M|0|-1|0|0|empty|empty
6423927512736013458|1275590230|0|19|1|52|68758263|727949|2016-08-16 14:39:39|(0.0000000E+000)|(2.4714000E+004)|0001-01-01 00:00:00|0|0|1|100|4.14200101548758848E-002|M|0|-1|0|0|empty|empty
6423927512736013458|1275590237|0|18|1|57|68758263|320842|2016-08-16 14:39:39|(0.0000000E+000)|(1.3402559E+004)|0001-01-01 00:00:00|0|0|1|100|7.13866434829561088E-001|M|0|-1|0|0|empty|empty
6423927512736013458|1275590240|0|17|1|48|68758263|9952|2016-08-16 14:39:39|(5.0000000E-001)|(1.0000000E+002)|0001-01-01 00:00:00|0|0|1|100|4.61915514695101696E-004|M|0|-1|0|0|empty|empty
6423927512736013458|1275590247|0|16|1|55|68758263|973437|2016-08-16 14:39:39|(0.0000000E+000)|(2.8123859E+004)|0001-01-01 00:00:00|0|0|1|100|1.13432008033623984E-001|M|0|-1|0|0|empty|empty
6423927512736013458|1275590250|0|15|1|55|68758263|92171|2016-08-16 14:39:39|(0.0000000E+000)|(2.2870900E+003)|0001-01-01 00:00:00|0|0|1|100|9.59662472883335168E-003|M|0|-1|0|0|empty|empty
6423927512736013458|1275590257|0|14|1|58|68758263|528873|2016-08-16 15:32:51|(0.0000000E+000)|(2.6859839E+004)|0001-01-01 00:00:00|0|0|13|100|5.99056582895841280E-001|M|0|-1|0|0|empty|empty
6423927512736013458|1275590260|0|13|1|66|68758263|101|2016-08-16 15:32:51|(1)|(100)|0001-01-01 00:00:00|0|0|14|100|3.36347039253649024E-003|M|0|-1|0|0|empty|empty
6423927512736013458|1275590267|0|12|1|34|68758263|32736483|2016-08-16 15:23:52|(11)|(59999902)|0001-01-01 00:00:00|0|0|27|100|1.20452852139962816E-003|M|0|-1|0|0|empty|empty
6423927512736013458|1275590270|0|11|1|66|68758263|66|2016-08-16 15:24:49|(1)|(65)|0001-01-01 00:00:00|0|0|29|100|0.00000000000000000E+000|M|0|-1|0|0|empty|empty
6423927512736013458|1275590277|0|10|1|48|68758263|3001|2016-08-16 15:33:51|(1)|(3000)|0001-01-01 00:00:00|0|0|34|100|2.51283356147929376E-001|M|0|-1|0|0|empty|empty
6423927512736013458|1275590280|0|9|1|29|68758263|5510274|2016-08-16 14:39:39|(20)|(5999996)|0001-01-01 00:00:00|0|0|1|100|4.91632524344356608E-003|M|0|-1|0|0|empty|empty
6423927512736013458|1275590287|0|8|1|48|68758263|7201|2016-08-16 14:39:39|(1)|(7200)|0001-01-01 00:00:00|0|0|1|100|5.47381932001027648E-004|M|0|-1|0|0|empty|empty
6423927512736013458|1275590290|0|7|1|41|68758263|1896164|2016-08-16 15:30:53|(2)|(1920798)|0001-01-01 00:00:00|0|0|29|100|7.49277000523248512E-003|M|0|-1|0|0|empty|empty
6423927512736013458|1275590297|0|6|1|46|68758263|10370872|2016-08-16 14:39:39|(26)|(11999940)|0001-01-01 00:00:00|0|0|1|100|5.40200492421385728E-003|M|0|-1|0|0|empty|empty
6423927512736013458|1275590300|0|5|1|40|68758263|5537828|2016-08-16 15:25:46|(5)|(5999999)|0001-01-01 00:00:00|0|0|32|100|7.23451799475471488E-003|M|0|-1|0|0|empty|empty
6423927512736013458|1275590307|0|4|1|48|68758263|7201|2016-08-16 14:39:39|(1)|(7200)|0001-01-01 00:00:00|0|0|1|100|5.31166388216072896E-004|M|0|-1|0|0|empty|empty
6423927512736013458|1275590310|0|3|1|42|68758263|1904523|2016-08-16 15:26:50|(14)|(1920799)|0001-01-01 00:00:00|0|0|32|100|8.72556338781461888E-003|M|0|-1|0|0|empty|empty
6423927512736013458|1275590317|0|2|1|40|68758263|10346967|2016-08-16 14:39:39|(26)|(11999940)|0001-01-01 00:00:00|0|0|1|100|5.38804102042787648E-003|M|0|-1|0|0|empty|empty
6423927512736013458|1275590320|0|1|1|52|68758263|300847|2016-08-16 15:21:53|(1)|(300000)|0001-01-01 00:00:00|0|0|15|100|1.64888411540022240E-001|M|0|-1|0|0|empty|empty
6423927512736013458|1275590327|0|0|1|56|68758263|86499|2016-08-16 14:39:39|(0)|(86399)|0001-01-01 00:00:00|0|0|1|100|1.19468113629630080E-002|M|0|-1|0|0|empty|empty
6423927512736013458|1275590330|0|12|2|1|68758263|68758263|2016-08-16 15:21:53|(22,1)|(59999995,300000)|0001-01-01 00:00:00|0|0|15|100|0.00000000000000000E+000|M|0|-1|0|0|empty|empty
6423927512736013458|1275590330|1|1|2|1|68758263|68758263|2016-08-16 15:21:53|(22,1)|(59999995,300000)|0001-01-01 00:00:00|0|0|15|100|0.00000000000000000E+000|M|0|-1|0|0|empty|empty
6423927512736013458|1275590337|0|22|2|1|68758263|678370|2016-08-16 15:28:47|(5.1999998E-001,0.0000000E+000)|(1.3525309E+004,2.6859839E+004)|0001-01-01 00:00:00|0|0|17|100|9.17055697615694336E+001|M|0|-1|0|0|empty|empty
6423927512736013458|1275590337|1|14|2|1|68758263|678370|2016-08-16 15:28:47|(5.1999998E-001,0.0000000E+000)|(1.3525309E+004,2.6859839E+004)|0001-01-01 00:00:00|0|0|17|100|9.17055697615694336E+001|M|0|-1|0|0|empty|empty
6423927512736013458|1275590340|0|14|2|1|68758263|433071|2016-08-16 15:32:51|(0.0000000E+000,1)|(2.6859839E+004,100)|0001-01-01 00:00:00|0|0|13|100|5.93224512239946240E+001|M|0|-1|0|0|empty|empty
6423927512736013458|1275590340|1|13|2|1|68758263|433071|2016-08-16 15:32:51|(0.0000000E+000,1)|(2.6859839E+004,100)|0001-01-01 00:00:00|0|0|13|100|5.93224512239946240E+001|M|0|-1|0|0|empty|empty
